X1	X2	X3	X4	X5	X6	X7	X8	X9	X10	X11	X12	X13	X14	X15	X16	X17	X18	X19	X20	X21	X22	X23	X24	X25	X26	X27	X28	X29	X30	X31	X32	X33	X34	X35	X36	X37	X38	X39	X40	X41	X42	X43	X44	X45	X46	X47	X48	X49	X50	X51	X52	X53	X54	X55	X56	X57	X58	X59	X60	X61	X62	X63	X64	X65	X66	X67	X68	X69	X70
0.2347	-0.3655	2.9921	-0.0017	-1.1368	0.8321	0.0652	-4.5464	-0.0533	1.1631	-1.9388	3.1467	1.7688	0.1792	-0.0970	-2.0122	-2.0616	-0.6895	-0.0362	0.0466	-0.9253	1.4231	0.0835	-0.6466	0.0262	-0.7200	1.2521	0.8599	-1.7954	-0.0180	2.0532	-0.2887	-1.0037	0.7018	1.3044	0.7117	1.7237	-0.1000	-0.4327	-7.2742	-1.9501	0.1563	2.9899	-0.1697	-0.0357	-2.2414	-0.7412	-10.6335	0.1680	-1.6619	0.8679	1.3244	0.0093	2.4569	0.5432	-1.8900	-0.4736	-0.7774	-0.6595	-5.5834	4.7768	-1.3393	3.1448	0.9744	-2.9691	0.1409	2.3522	0.1439	-3.1211	4.5338
-4.1352	-2.2345	-0.6599	-3.6243	-0.6026	0.2714	0.3490	-0.0744	-1.3049	-1.0811	1.3437	-1.0203	-2.3279	0.1529	2.4979	-0.7313	-2.5857	0.4074	0.1208	0.7250	-0.7921	-0.5606	-3.6177	-3.3915	1.5718	-2.1581	-0.6353	-1.5958	0.0218	7.2998	-1.8940	0.0762	0.4650	-0.4396	-1.5344	3.0733	-1.3180	3.5563	2.5156	0.7871	0.2543	3.1473	-1.2899	1.8011	-0.6654	0.1417	0.6081	3.5618	-4.5489	2.5074	-1.5596	-3.9594	-0.8454	-5.8989	-2.8396	2.5254	-1.5568	1.8497	-2.4153	-2.5138	2.6766	-2.5942	-3.4715	-4.3727	7.0523	-1.5111	-2.0094	3.4970	1.9059	4.2857
-2.7680	-0.4220	-0.8010	0.2086	-0.9900	1.6292	0.7244	0.2008	-0.7699	0.1083	-0.4340	0.5213	-0.3701	-1.8218	-1.1628	-0.1757	-2.5277	-0.4416	-2.1568	-0.1074	-0.3045	0.2850	1.3595	-0.6319	-0.5296	-0.2827	0.6626	0.5618	0.2228	2.3129	-0.7726	2.0510	0.2130	-2.4360	0.9480	4.2736	0.5509	0.4526	-3.5586	1.2197	-0.1760	-0.5666	0.8309	-0.3238	-1.6065	-0.5100	1.0081	4.8265	-2.6307	-3.0822	0.5385	-1.9152	1.9591	0.8666	-1.0296	-1.2456	1.7666	-4.7884	-0.4019	-2.6692	0.2553	-0.8626	-3.7552	3.1797	-5.1261	2.3286	-0.0908	4.3615	-0.1337	0.6342
-2.8051	-0.5579	2.0405	3.4248	-0.3269	0.2507	0.3636	-0.3912	0.4462	-1.9885	1.2182	0.7035	2.5891	0.0077	-1.6220	-2.3538	0.3440	4.5757	-2.1676	0.0757	0.4822	0.6927	-0.3093	1.6602	-2.0259	-0.6012	-0.7301	-2.1016	0.7624	5.2479	-1.1137	-0.3705	1.2404	-1.0454	2.1765	3.4124	-3.1212	-4.0653	-0.7143	0.7265	-1.8753	0.9569	-5.4853	1.5596	-2.8719	3.6658	-1.3566	4.6026	1.3880	-2.0442	-5.5816	-3.4136	2.6593	-6.7208	1.1976	8.3415	-0.7636	0.6947	-3.5497	-3.0634	-0.0133	1.6998	2.9202	-2.0041	3.0217	1.1386	4.9024	1.4184	2.8775	12.0878
-1.8228	0.2209	-0.6660	-2.3124	-1.4757	1.6691	-1.5461	2.6001	-2.5604	-0.5758	-1.1358	-1.5975	-3.6163	-0.0753	1.6490	0.0186	1.7731	1.5759	-0.7961	1.0009	-1.4236	-2.1553	1.2785	-0.8825	-1.0701	1.8850	1.3944	-2.8505	-2.2787	3.6550	5.5793	-2.0046	0.4416	1.6822	1.6157	0.1965	2.9412	-2.7782	0.8008	2.9298	-0.1155	1.0602	5.7660	-1.3588	2.3143	6.0818	-2.0552	-1.7733	-1.4038	-0.2428	10.1875	3.3823	3.7198	-5.8367	-3.0460	-14.0654	-0.2438	3.0071	5.2903	-1.9526	-0.4999	-8.9113	-1.2276	-0.5562	1.8858	-1.5613	-6.8898	-3.5603	-4.2121	-3.4163
0.4191	-1.4689	-0.7979	-1.8916	-0.2442	0.4737	-2.2487	1.3891	1.1429	-0.6400	-3.3617	0.7481	-2.6130	-0.2970	2.6628	0.3240	-3.0373	3.1997	0.6973	-0.8863	-0.5558	-1.2864	-0.5249	-1.1799	-1.7923	2.9440	0.3141	-0.9513	-0.3913	-3.2367	2.4558	2.8763	1.6125	1.7593	-0.2765	0.5495	-2.2523	1.4825	2.3780	0.3648	-0.1158	-1.2104	-1.5113	-1.9208	-0.1168	1.3610	0.3131	4.1586	-2.0937	3.7897	-2.6293	3.6154	-2.1667	0.2394	-2.6980	3.3333	0.2862	2.7314	3.4040	-0.4164	2.8848	-2.8859	-0.4380	-0.9704	0.9251	-1.9672	3.9417	0.9767	0.9804	-0.3739
-0.8237	-0.4059	1.0166	0.1823	-0.7558	-0.2221	-0.7067	-1.4067	0.2424	1.9059	-1.3982	-1.0387	-1.9426	-0.6131	0.1457	-0.5176	2.4424	-0.3660	0.4700	0.3145	-2.5368	-1.2429	-0.1219	-0.1993	0.2162	1.5793	-0.2868	-0.1014	2.0240	1.6353	-1.4579	0.8503	-0.0823	2.9150	0.9800	0.1934	-0.1042	-0.7302	0.2882	-1.7284	-0.4306	0.6856	-0.2038	-1.4901	1.7231	-1.3216	-0.3726	-1.7513	-0.1205	-0.7415	0.1038	2.3386	2.3072	1.2114	1.8414	0.9738	-1.7386	1.2561	3.8714	-0.8117	-3.5333	0.6822	1.3749	-0.5910	0.9613	0.6887	-4.1949	1.9473	0.1723	-2.2883
-3.0620	-2.1072	1.5009	1.2909	2.7084	-0.4218	1.7617	-1.8573	5.1343	1.5073	-1.4124	1.1753	2.3648	0.0178	0.3909	-0.2992	3.2856	-0.1844	1.7629	0.0479	1.0551	0.3026	-1.0211	0.4498	0.8277	-4.0871	-0.3909	-0.9190	-1.3483	3.3455	-0.4677	-1.0557	2.2947	-2.3614	0.1907	5.9439	-0.2133	5.8257	0.4976	0.9045	0.3120	-0.6712	0.3351	-0.1184	-2.5490	-2.6437	1.9982	-3.0059	1.2723	1.9580	-3.0423	3.7342	-1.5893	-4.6044	-0.7486	0.9895	0.5245	1.5338	0.0304	0.4339	1.1498	1.2398	-0.6988	-2.1444	3.2976	1.0895	-0.9990	3.3429	-0.2301	-0.8790
0.6881	2.5923	-0.4408	1.3896	-3.1915	1.4682	-3.8156	1.7186	-5.9354	-1.4531	-0.6497	-2.8566	1.6468	1.0178	-1.4905	-2.2577	1.4636	4.0171	-2.3805	2.2353	-1.5879	-0.1677	-0.2902	-0.7617	1.0452	-0.5542	-0.5248	0.2188	-0.3267	0.7755	1.3356	-2.9665	-0.4692	-2.1059	-2.4242	-2.2879	2.8714	0.2016	-5.4506	3.2877	-1.8974	0.3301	4.3305	0.8058	3.8099	3.5944	1.8048	2.5959	-0.4521	-6.7928	8.2139	-2.9080	-1.0446	3.6929	2.1662	-13.1337	-3.9449	-7.7639	-1.1237	-3.7909	1.2779	-7.7180	-0.1677	-1.4900	5.6124	-1.7095	-4.8457	-5.3071	-4.1872	10.2374
-2.2587	-1.1680	2.9088	2.6473	-3.6273	1.5360	-1.8844	-1.6462	-3.5159	0.9674	-2.6745	-2.1656	2.6792	1.6701	0.9709	-0.8431	2.4977	2.2635	-1.8911	2.9802	-1.6112	-0.9067	2.1565	1.6697	0.9423	1.9039	0.8165	-1.1634	-2.4531	6.9020	3.4900	-4.5668	-1.4476	1.6454	1.4871	0.6135	-1.5440	-1.9354	-5.3251	-4.5746	1.9197	0.5528	-1.3886	0.8909	0.8645	-0.3022	-2.8539	-3.9085	3.4226	-6.1006	-4.6512	3.4829	2.6712	3.2106	1.9016	5.2187	-2.3629	-6.4464	-0.9449	-1.2055	-1.5597	6.8156	0.1267	-1.4889	5.2957	-1.0879	4.4957	-1.8299	-1.0785	6.6013
0.9472	-0.4075	1.0952	1.9581	-0.1905	-1.3999	0.4633	-0.5263	0.1590	0.5853	0.8787	-0.4580	2.5420	1.4543	0.1780	1.9605	-0.2241	-3.3345	-0.7256	-1.3836	1.3169	-0.2712	-0.7885	0.2229	2.8594	-0.9761	-0.5584	-0.6692	0.8463	-2.4734	1.7817	2.5387	0.5032	0.4705	1.1369	-0.1650	0.3855	0.5694	-3.7643	1.1862	-0.0547	-0.4482	1.1493	0.1299	1.8909	0.0472	-2.0323	3.2034	2.2220	-4.1117	1.6816	-0.6997	1.0494	-2.7717	2.1925	-4.9472	-0.2528	-3.3348	-0.1022	4.0962	-3.4382	0.2135	-0.2090	-0.6094	-1.4041	1.0770	-1.1527	-2.0422	-0.3247	-1.8800
-0.9400	-0.0236	-1.0326	-0.7696	-2.6009	-0.5531	-3.8111	0.9147	-5.5264	0.0829	1.3262	-3.7639	-0.0699	0.7295	-1.9018	-1.7602	2.0213	2.7345	-0.8199	-0.2098	-1.1277	0.0215	-0.4369	0.1879	-0.6212	-2.0424	0.4988	0.6349	-1.8811	-1.5981	3.8673	-1.8129	-2.9318	-1.1765	1.4014	1.8952	3.6395	3.0052	1.6306	-1.6166	0.0511	0.9489	7.6045	1.3290	-0.4222	-0.4679	-5.2981	-7.4402	-0.9851	-1.5546	8.7398	-0.4208	2.7811	-3.3691	-0.2468	-18.2045	-1.2434	1.8367	0.0986	-0.2966	2.2882	-6.5267	0.2428	0.4770	-0.7902	2.3759	-3.4955	3.4384	-4.5224	3.2715
-3.3227	-1.6566	-0.0069	-3.1217	-2.7228	-1.2812	-2.0353	0.4275	-3.7029	-0.0493	0.6252	-2.2877	-1.9789	1.9159	-0.0432	0.1532	0.8169	-0.6687	-0.5392	-1.6806	-2.1722	-0.2521	0.0666	-1.4032	2.1771	2.5762	-2.4121	-2.1700	-0.4142	9.4483	0.0537	2.3928	-3.2532	0.3934	-0.6130	3.5540	-0.1740	-3.5507	-2.3660	-4.0072	-0.6432	0.4141	1.2427	-1.0674	1.3860	1.9606	0.3738	-6.0513	-2.5048	-1.3522	2.4689	-1.0460	1.6186	-5.8670	-1.8755	-3.1895	-2.0921	-3.3530	-4.9094	0.2113	-0.9834	2.7868	-1.5255	-0.9024	1.2411	-0.6301	-2.6517	-3.4043	0.0107	8.3302
-3.2512	-2.3854	1.4057	-3.3716	1.6269	0.6148	0.0016	-1.8496	1.1794	1.7476	-0.9061	0.0896	-3.2120	-2.8080	0.8075	0.1028	-0.5930	-3.6834	2.0321	0.4756	-0.3571	-0.8365	1.5993	-0.6313	0.2326	5.6653	1.3468	-2.0698	-1.3636	4.8809	1.9230	-1.0801	0.1797	-0.2502	-1.3329	1.3875	-2.0467	-8.2803	4.8166	-0.0484	0.9406	2.0297	-2.2801	-1.0367	2.9557	-0.5692	0.7239	0.6092	1.4609	4.8843	-4.3754	2.5017	-1.5178	-4.3830	-1.6595	8.1386	1.4246	3.4605	2.5748	-2.1600	-1.6348	6.3728	0.8874	-3.7188	7.1952	0.8074	4.6476	-5.1052	1.0974	-4.6157
0.0470	-0.2442	1.7746	-0.5741	-0.1794	-0.3966	1.9911	0.0540	0.1238	1.5056	0.6417	-1.0449	-0.7190	-0.4567	0.0491	-0.8196	-1.6766	-0.9964	0.1200	0.3230	1.1471	-0.4032	0.9230	-3.0474	-0.1108	-2.7650	0.1473	2.1329	-3.9192	-0.6150	3.7777	-0.0848	-0.9130	0.8532	-0.7251	-0.6580	1.6086	6.1022	-1.2288	-0.1886	0.7590	-1.0627	0.7384	-0.6829	2.4685	-3.6779	-2.7410	-0.5404	-4.2357	-0.2863	-0.1398	2.9984	-0.8602	2.6079	-2.2755	-2.3693	1.5134	0.4786	1.3679	1.2095	0.9346	4.4197	1.9293	1.9712	-2.0845	0.6743	4.5251	-0.5570	-3.8106	-1.4425
2.0256	2.0518	-1.2716	-1.1408	0.4575	-0.0966	2.5445	1.1354	-1.4647	-1.0692	-2.0960	-0.9892	-2.4236	0.9747	1.8700	-1.6809	-3.7947	2.9133	0.2587	0.5765	1.2643	-1.7851	-0.3479	-0.6124	-1.8944	-1.9745	0.9123	-0.7964	0.7156	-2.7957	-1.3720	-1.3402	1.7927	0.3678	2.2015	-2.8400	0.8655	0.0061	0.6946	3.6313	2.4927	1.7922	2.0580	-0.2780	-0.4325	1.9133	-2.1483	-3.5448	-3.6370	1.8733	0.1502	-2.5371	1.6227	4.5223	-1.3956	0.1013	1.0305	2.9319	4.0184	0.3831	0.0446	-3.4128	-5.1557	-2.0850	4.1677	-0.8923	-3.1727	2.0083	-0.3464	-1.6100
-1.1533	1.1429	-4.3825	-0.9988	0.3975	-0.4468	-1.0182	4.8806	-3.0146	1.2388	2.2034	-2.0930	-3.1876	0.1622	-0.3395	-0.1379	0.0981	-2.2750	2.8902	1.5065	0.0631	-0.9090	2.5204	1.7857	-3.6904	-1.7035	-0.8624	0.0556	-0.6750	0.8875	3.0862	-0.8523	-1.4204	0.2463	-1.1697	-0.1389	1.9742	2.8417	1.8910	6.5142	1.3304	3.1220	2.4894	0.6354	-0.1562	3.3724	0.5935	2.5057	3.4470	2.2723	5.2950	-0.3941	0.3215	-2.3167	-0.6714	-4.7384	1.3704	1.8107	-2.6165	1.7867	-1.0757	-0.8984	-3.5607	-2.6280	5.8074	-0.6918	1.0751	1.8617	-1.7838	-7.0695
-1.6126	-1.2412	-0.1867	-2.2702	0.0417	-0.5661	-1.3795	0.8401	-2.3126	1.1400	-1.7086	-2.1927	-3.5014	2.0400	-0.2906	-0.0499	-0.1709	-2.9335	-0.9815	1.5290	1.3326	0.3349	0.7362	-1.2312	-1.8955	2.8730	-0.4565	-2.5723	-0.4582	3.0145	1.7658	-1.0392	0.4858	0.6601	2.5733	2.0818	-0.1734	-4.9337	-0.6617	-2.3709	0.0936	2.0195	0.1060	0.8619	0.7562	2.4813	-2.9026	-3.3705	0.1546	-2.7184	1.2551	-0.6847	2.1224	-2.2207	-5.1268	1.1540	-2.3751	0.0627	-1.7304	2.7256	-0.9752	-1.2383	-0.9642	2.4860	-2.1132	0.2403	-5.1702	0.4496	1.2644	-4.1278
0.1197	0.8161	1.7318	0.3168	-1.0738	-1.3603	1.6314	0.6341	-1.7317	-0.4916	1.4084	0.0894	1.4106	1.5019	-0.4467	-1.9050	-2.0279	2.8693	-1.3540	0.2859	-0.6338	-1.5096	-0.1722	-0.7340	1.9871	-1.4754	-1.4237	-1.2896	0.2521	-1.1806	-0.4446	-1.7361	-1.3925	0.6916	-0.4754	-0.4820	-0.5461	1.0034	0.2287	-0.7980	1.0208	0.6074	-1.3953	1.5911	0.4431	2.8393	-1.4790	-2.8544	-1.6511	0.5278	0.4654	-3.6679	-0.8185	-3.3275	3.8158	-1.1287	-2.5762	0.1164	-1.7270	-1.3457	1.0178	2.0806	1.4138	-1.8676	3.7995	2.1061	-3.3018	-2.4275	0.1869	6.8175
1.4457	0.6514	-0.6527	1.3632	-1.2297	0.2145	-2.2246	-0.2651	-1.1593	0.5298	-1.6505	0.8010	2.8277	-0.6118	2.4808	-0.7710	4.5277	-0.4356	0.4466	-0.3470	0.9419	-0.2644	0.2884	0.1517	1.3484	2.5393	-0.1800	-2.4178	-0.4381	-1.2747	1.9791	1.4018	1.3560	2.7191	-1.0147	-3.1677	2.0095	-3.8557	1.8590	2.2004	-0.7282	-1.1506	2.2373	0.0171	1.4117	5.8787	-0.2814	-3.6233	-0.1257	1.7744	5.6773	-0.3795	0.6313	0.4559	0.7770	-5.8455	1.2348	2.7364	4.5066	-2.2742	2.7279	-7.9629	-0.2894	-0.2703	1.4607	-3.3260	-4.5845	-1.5832	-1.2624	-4.8022
2.5951	1.0397	1.3855	0.5413	-0.2601	-1.1878	2.0891	-2.7059	1.3805	-0.6302	-0.4821	0.3721	0.1176	-0.4067	-0.2473	-0.2354	-0.7534	2.2067	0.2626	-0.9751	-1.1999	-2.0829	-0.1375	0.2708	-2.9286	3.5597	-0.7588	0.3899	0.2376	-1.7653	0.1943	1.0790	-1.6927	-0.8313	1.7445	-3.4510	0.1400	-1.2148	-0.6149	-5.6954	0.7792	-2.1319	-3.3106	-3.3255	1.0063	-1.8437	-0.2447	-6.2507	0.0760	0.0809	-5.4775	7.5397	3.5099	3.2398	-0.5176	14.2460	-0.3771	-2.5435	0.3814	0.9670	-1.2967	3.4260	4.0003	2.0765	-5.0280	0.6939	2.8708	-0.7276	-0.6064	6.8302
0.6754	1.0193	-2.9364	1.8785	2.4657	-2.2906	-1.6481	2.8500	4.0726	-0.6382	-0.1586	2.8192	1.5362	-0.9168	-1.6894	-0.0732	2.0663	-0.3122	0.3821	1.2688	2.2063	0.1985	0.1449	1.0765	-2.3586	-0.3391	0.1311	-0.5593	0.5590	-2.8609	0.3631	0.5326	-1.9528	-1.9777	-3.3916	-2.2806	0.0939	2.6913	3.0063	3.9149	0.0229	-3.8174	1.3079	0.9136	-0.3536	2.5797	5.7659	4.5163	1.6684	2.2766	5.7794	-0.6314	-4.5869	0.9180	0.0854	-6.7414	-0.9266	4.3961	2.4827	2.5613	0.4172	-2.8452	-4.2314	0.8282	1.1278	2.4455	-4.4571	4.4911	-2.6721	-4.6568
-3.5617	-1.0498	-2.3766	1.4139	-0.9587	-1.1142	1.0011	1.7217	-0.7691	0.8662	-3.8373	-1.5380	-1.0311	0.3854	-2.3504	0.5153	-0.0841	-0.2082	0.1228	-0.1652	1.4604	-0.0167	0.0206	1.8188	0.8783	-1.1945	-2.2153	0.9645	-1.9396	5.2001	2.0070	1.2695	-2.9765	-2.6531	-3.0657	1.8567	0.0903	1.8163	1.6503	1.7301	-0.1409	1.7679	0.4532	-0.6128	-0.2836	-1.0470	3.6267	4.3180	1.6344	4.3120	5.5576	6.0061	-4.8931	6.0084	-1.4797	-2.8685	1.0004	3.0443	-3.5916	1.6901	1.2088	-4.2499	-1.3973	-1.4407	3.4949	3.9652	-3.1634	1.4487	-0.7654	2.5986
-0.8896	-0.6808	-3.3035	-1.7774	-2.3025	-0.6676	-1.2741	1.9117	-4.6490	-0.1065	-0.6258	-1.2720	-4.6203	1.4217	-2.5903	-1.8412	-0.4366	2.3966	-1.6391	0.6601	2.5078	0.4608	-0.5439	-1.3961	-5.4195	3.1579	-0.2699	0.6748	-3.2021	-1.0777	4.3976	-1.4454	1.6308	-4.4818	-0.1390	0.3456	0.5236	-4.0080	-3.8566	4.4551	-0.5735	0.2086	-0.0057	1.3876	-0.8458	-0.4012	-1.2147	6.0017	-1.3170	-4.5422	2.8866	-3.5869	-1.6594	1.4804	-1.9286	-3.5433	-1.2128	-6.2903	-0.5754	-3.4534	3.5999	-3.0577	-3.2547	-0.8737	-0.3381	0.6247	1.9034	2.3716	-1.9214	3.1275
2.5602	-1.5492	2.4042	-3.1523	2.2916	0.7674	-2.3599	0.6053	2.4956	-0.0458	2.6062	0.5894	-4.5485	0.5413	3.7990	-0.6017	-2.3740	0.3846	-2.0856	-0.5845	-0.9078	0.4385	1.0491	0.3316	0.0955	-0.9758	-0.0346	-1.4468	0.3819	-0.9102	-3.7199	0.3643	-1.7369	2.9531	1.1615	-2.0594	-1.4041	1.1147	-2.7255	-0.9578	-0.3847	1.2393	-2.2460	-1.4713	0.6569	1.5481	-1.5774	-0.8837	0.7774	-4.0223	-1.1312	-1.3068	2.2200	-3.1239	-5.1044	4.4032	-0.6005	-1.7837	-3.9292	-2.3520	0.5535	4.3123	4.9634	-2.9001	1.3597	-3.3843	-0.8353	-1.1673	-0.9893	1.5607
-2.7617	-0.2251	1.0156	-3.0557	2.4453	0.3032	-2.4800	-1.8075	2.3189	-0.3672	-1.8536	0.4301	-2.7522	1.1866	-3.8071	-0.5002	1.9078	1.9001	-0.4712	1.2456	-0.3660	1.0519	0.8044	0.9617	-0.5606	0.9862	-2.1091	1.9506	-0.7904	1.6094	2.7455	-2.0476	-0.8956	2.2543	-0.1320	0.5026	-0.0311	-3.9606	-1.5935	-6.0724	0.0046	0.2944	0.0755	-2.2039	-0.5576	-4.0679	0.0441	-5.5018	2.4702	-3.6375	-1.5025	3.3613	-0.7370	4.1237	-0.8380	2.0982	-1.9633	-1.7659	-4.3768	-3.0942	-3.4000	1.5655	-0.1112	1.3444	1.1018	1.5067	-1.3506	2.3383	-0.1121	5.2799
-0.8134	0.2675	-0.2119	-0.2321	-0.8459	1.7489	0.2701	1.4432	0.6690	0.4331	3.5269	-0.4888	-0.8910	-2.1798	0.5557	-1.5630	3.2560	1.0615	0.7342	0.4674	1.8964	0.8704	1.1413	-0.6946	-1.9759	-1.3708	1.0604	0.9126	-3.0800	3.8647	5.4387	0.9824	1.0368	-0.9673	-2.3828	2.5890	2.6340	1.9824	-1.5472	5.3879	0.3773	0.2418	1.1250	-0.2351	0.9774	0.8105	2.4478	5.4825	-2.7941	-2.6389	1.9452	4.5941	-3.2541	-5.8017	0.4611	-4.6490	5.0553	-3.9167	-0.9733	-2.7713	-0.6318	-2.8835	1.6822	1.7330	-2.5936	0.8779	-1.0662	-3.1816	-0.0657	1.4962
-0.0728	1.3055	-0.3680	2.1667	0.0468	-0.6517	-2.4358	1.0453	2.5217	0.6767	-1.4995	2.0023	0.1682	2.0261	-4.4896	-1.5420	-2.0827	-0.4390	0.6668	-0.9505	2.6531	-0.4552	-0.6061	2.9938	-2.1847	-0.9891	1.3391	-2.6380	0.1996	1.6402	0.0731	1.7963	4.9737	-1.7163	-0.5904	4.0849	-0.7664	1.7409	2.6810	0.7668	-4.4615	0.2992	-0.4993	0.0654	-1.2436	5.5659	4.4527	5.6870	3.7545	0.8244	1.6514	2.5792	-2.2623	-3.1253	0.6047	-3.5533	-2.8494	3.8402	0.7448	-1.9707	0.1565	-7.4571	2.5119	-3.9945	3.4539	2.4006	-3.6982	0.1865	0.8505	-3.9676
1.0766	1.7990	0.4833	1.0779	-0.0437	1.9611	1.9531	0.3324	-1.0125	-0.1400	1.5773	0.7232	1.8069	-1.4092	1.3653	0.3089	-0.4187	-1.3882	1.2169	-1.6369	-0.4801	0.1427	-0.9572	1.2530	-3.1211	0.4374	0.9349	-1.1739	0.7981	0.1155	-0.6469	3.0906	-1.4042	2.5709	-0.0566	0.4394	0.5195	-1.9508	1.2855	3.2076	-0.0180	-0.1239	-1.9349	0.0833	-2.0637	5.1676	1.5077	2.1265	2.1936	1.5751	-0.4396	-3.8075	1.3752	-5.6486	1.4204	2.7778	2.0475	2.7857	2.0853	-1.7266	1.9521	1.1853	-1.6348	2.0227	-3.5783	-0.0236	1.2980	3.0740	-0.2825	-5.4396
-2.4638	-1.5316	-3.7359	-0.7974	2.4157	-0.7814	-1.2064	7.5728	3.2137	-1.6132	-2.3382	1.8072	-2.3530	-1.0892	-2.6618	1.0541	-0.1184	3.9319	1.1156	-0.1747	-2.7421	1.6869	1.1340	-1.3460	0.9621	0.8611	0.6887	2.5261	-0.9197	2.9722	1.2951	-1.2849	0.7618	-1.2913	-3.0908	2.4323	0.6813	-1.5034	1.4053	7.0615	-0.6899	-0.8542	1.0139	0.6822	1.0301	-1.6827	0.3810	10.1646	0.7935	3.4570	7.1894	2.3336	-1.1782	4.9151	-0.6545	-7.7717	0.9380	-0.0128	0.1898	2.3204	-1.7299	-6.2128	-2.6168	1.1721	-1.0652	5.1411	-5.2141	-5.0969	-0.1967	-5.1889
-0.1488	-1.4650	0.3519	0.7721	-0.7550	2.5564	-0.3573	0.2235	-2.2440	0.7309	-0.6958	0.0455	0.4600	-0.4504	-3.7499	1.3988	-0.9011	-0.9623	-1.5856	2.6874	-1.7287	0.5353	-1.4799	0.7543	-3.5763	1.9335	0.2498	1.5960	2.4283	1.3083	-4.4221	-3.9686	-0.8128	-0.9107	-0.3016	-5.0195	-1.9172	-3.5980	-2.1183	1.0729	1.2118	1.0115	-1.1198	0.1633	-1.2129	-2.6182	-0.3832	4.7377	-0.6154	-0.5741	-2.3128	-6.2804	2.1165	6.7866	1.3787	3.0142	0.4495	-2.9959	-2.4269	-1.4317	-1.5236	2.7071	-0.7898	-3.6431	8.8315	2.6233	-0.2462	-2.9046	4.0639	0.4449
-2.3477	-0.7024	-1.3214	-0.5760	-1.9452	-0.2981	2.7262	2.3375	-2.6439	0.6043	0.4918	-1.6595	1.2406	-0.3432	1.3423	-0.6990	-0.6282	2.1718	-1.0068	-0.0459	0.4768	-0.6728	-0.5691	-1.6736	-1.9876	-0.8615	-1.8789	-1.5007	0.5558	4.2310	-2.1247	-0.6097	1.9711	-1.2818	3.0689	-0.0632	-1.6075	3.1516	-1.6338	4.0805	1.9234	1.1223	-1.2863	0.7709	2.3636	3.1173	-4.2415	3.3000	-2.3479	-1.1215	2.0406	-4.4574	5.3016	-2.5374	3.2548	-1.6797	0.8088	-1.6978	-0.3483	-1.3075	2.2062	-6.8829	-2.7005	-0.6721	-0.3403	-2.2396	-0.0165	-4.8181	2.7898	0.8915
-3.6379	-1.1788	0.9148	2.5826	1.0099	-0.6631	-0.6775	-0.2863	-1.3769	1.3349	-0.5749	-0.0918	2.2565	1.9374	4.5894	-0.0030	2.9414	-1.5618	-1.1815	0.2496	-1.1592	-0.2691	0.4824	-0.1412	3.7522	1.2040	0.1850	-0.1073	-1.3033	4.0405	2.0472	0.8267	-1.5388	2.8833	-0.7677	4.9423	-1.8321	-3.7074	-3.7951	-3.4564	-0.9126	1.0184	-1.3179	0.1267	0.1927	-1.9611	1.7233	-2.8228	1.9245	-3.9154	-1.7617	-1.7411	-0.9221	-3.1338	1.5802	6.6753	-3.7257	-4.7198	3.5272	1.3850	-0.3410	5.0951	-0.1189	-0.6257	0.1706	-3.7769	0.3360	0.4886	0.5754	-6.0346
0.2205	0.6042	2.8035	1.8686	-3.8043	-1.0693	-5.1502	1.2134	-3.6782	0.8497	0.4425	-0.4174	1.6610	-0.3417	-1.6805	-0.3575	1.4121	-1.3501	-0.0880	1.1063	0.1257	-0.8834	0.1150	1.2039	-2.6454	-2.4456	-0.1462	-3.1973	-0.1815	0.5367	1.0137	-1.9234	-0.6647	-2.4868	-3.0732	-3.6018	0.8391	3.5251	0.7470	2.1077	1.5289	-2.1114	1.7060	1.8532	-3.5372	5.4136	2.9429	-0.1761	1.1614	-2.3344	3.9304	-4.4713	-2.8198	-1.7879	2.0800	-4.6450	-0.5789	2.5016	1.8116	1.1621	-1.6764	-5.2178	4.8915	1.7457	-3.9428	-0.4283	-2.3635	4.1178	1.0742	-2.8821
-0.6027	-0.9111	-1.4991	-1.1522	-2.5295	1.8610	-2.8609	0.1907	-2.1358	0.2105	3.3024	0.2017	-0.0968	-1.0529	0.6358	-0.9575	-2.5251	0.4483	2.4285	0.4503	-1.0483	-2.3557	0.2662	-1.5544	-0.7644	1.4621	-0.1677	-2.1807	-0.7236	1.6736	1.3977	-0.2777	0.1435	-1.5429	-0.6707	-0.1969	0.0460	-3.6376	1.6039	2.4182	1.0105	-0.5341	-1.3072	-0.6353	0.4841	2.2575	-0.7869	-0.3595	-2.4788	0.8638	-4.9317	-1.7716	1.5691	-7.1841	1.1748	8.8663	-0.1247	0.3218	2.9011	-2.3244	-1.9475	5.0451	-5.6496	-2.4613	2.7135	-0.1045	7.0093	-4.8147	-1.0485	1.2741
-3.1954	-2.6109	-0.7790	0.5727	-0.3500	-0.9153	0.7596	-1.2286	1.5678	0.1048	0.0679	0.0967	3.0284	1.1913	-1.1105	-0.3481	-2.8462	-1.3788	0.0946	-0.9125	0.7863	-0.5955	-0.5758	1.2109	0.0103	-0.0383	0.4906	-1.1145	0.3334	6.9893	1.5771	0.7453	0.6739	1.4972	-0.2748	3.3967	0.0841	0.8270	-0.2003	-3.3436	-0.0078	0.5202	2.1202	-2.4013	2.2721	-2.4194	3.5691	-3.7397	0.7472	-2.8078	2.5884	4.8041	-0.7828	-2.3391	2.7057	-5.1541	-0.7408	-0.3946	1.8805	-2.1079	-1.5851	-4.3758	-1.2892	0.2408	1.1536	0.3634	-2.7390	-3.1660	0.1380	-1.8785
1.3588	-0.3174	-2.9371	-1.1570	-1.2719	-2.8584	-1.2416	2.4782	-1.9694	-2.9564	4.1731	-0.1307	-0.6185	1.8550	-2.7533	0.7971	-1.3154	5.1452	-1.0641	-1.2412	2.4207	-0.6309	0.5555	-0.6134	0.5965	-1.2675	-1.2008	-0.4236	-0.6313	-5.1111	0.8241	1.6352	-2.0580	-0.4573	0.6664	-2.5098	1.7194	-0.3177	-0.1996	2.5650	-0.1072	0.8920	1.5390	0.0963	3.3451	0.6322	-2.3765	0.7672	-0.1965	1.5627	4.8078	-2.2340	-0.5718	-4.1176	-3.4626	-6.4132	-2.7606	-0.1614	-0.7243	0.7136	1.7487	-1.6527	-2.7857	0.7281	-2.3363	3.3304	-5.4052	-5.3756	-1.6172	3.5842
-2.6741	-1.0300	1.4763	-0.9384	0.1466	0.2899	-1.0437	1.4033	0.3704	0.3653	1.5956	-0.7391	-1.1206	1.3237	-1.9621	-1.1861	0.4220	-0.1771	0.0514	2.5060	-2.3854	0.1603	-0.9074	0.4472	-0.1214	6.0508	1.1437	0.7742	2.5563	2.7150	-3.6052	-5.3147	-0.3354	-2.7800	-0.7361	0.3732	-1.5479	-5.3936	-1.4810	2.9123	-0.8558	0.6018	-2.1568	-1.5474	0.1845	-1.5100	1.2709	8.1973	-1.4237	-2.8747	-4.8520	0.4541	1.1054	1.2506	0.9223	5.4919	-1.2332	-2.8623	1.7487	-0.9302	0.0809	4.6104	2.9452	-0.7617	3.1243	1.1375	5.2031	-0.8475	2.8457	-2.4173
3.0503	1.4603	1.1510	1.1224	-0.1809	0.0485	-1.1136	-1.8296	-3.3076	-0.2134	-0.8508	-1.6213	1.1666	-1.1335	-1.5822	-0.8044	-1.4440	1.5332	0.1423	-1.0048	-2.0917	-1.3683	-0.5998	-3.5757	0.8956	2.0553	-2.1037	-1.2687	2.6367	-5.3305	-4.8700	2.0221	0.0691	-1.9265	1.0709	-3.6065	-0.8402	-0.6758	-0.2835	-4.9687	0.8239	0.6873	0.7959	0.0125	0.3202	4.4017	-3.4045	-8.1000	-5.1200	-0.1923	0.1432	-4.7726	2.3724	3.1309	0.7848	-0.1698	3.3508	0.4113	-0.0901	-1.3331	2.7088	-1.5573	0.6492	-1.3873	0.8950	3.7569	0.7830	3.0219	0.5083	2.8471
-2.5225	-1.5095	3.3256	-2.8724	0.2614	-0.0653	4.5827	-2.9195	0.7450	-1.6126	-0.5537	0.2382	-2.4239	-1.0574	1.3654	-1.0906	-1.0691	4.8340	-0.1182	2.2656	-1.5119	-0.0743	1.1156	-0.1461	1.8163	-0.7267	1.0680	0.0172	-0.7835	3.0485	-0.1520	-2.5690	-3.6377	0.3361	-3.4233	4.6537	-1.7690	1.4412	-0.8128	0.6204	1.8114	1.7251	-2.7114	-1.1710	0.1011	-3.4750	-0.6173	3.1455	-1.1415	-0.2796	-6.1751	3.2118	-1.6128	-4.9413	-1.1585	10.4381	2.9092	-1.1156	1.3075	-3.3435	-0.1334	11.7326	3.6928	1.2234	1.1972	0.5351	5.3100	1.5472	3.7714	6.2825
0.4922	1.0670	-0.8768	0.7139	-0.1668	0.9789	0.6288	-0.8721	-1.3666	-0.8890	2.0502	0.0578	1.2609	0.8374	1.6519	-1.0948	2.0069	2.8765	2.1127	1.1197	-0.1883	-0.6112	0.2910	-2.2406	3.5536	0.6981	-0.2937	-1.2414	1.5429	-0.9158	-1.0206	-1.4113	0.8421	2.1987	0.4078	-1.4771	-0.4987	0.6548	2.3742	-2.7301	0.5753	0.3790	-0.5322	2.2126	-0.9167	2.4227	-0.4319	-5.8707	-1.6004	0.7482	-2.1354	-3.5300	1.5816	-3.6499	3.4228	3.3799	-1.4747	4.1117	2.0489	-1.1331	-1.2682	2.2001	-0.8529	-0.9979	2.6540	-1.8797	1.5174	0.7671	-2.0813	0.2694
1.7760	1.3805	-1.4546	1.1162	0.4742	-0.5481	0.3000	1.9006	2.2849	-0.3181	3.3351	-0.6425	1.4318	-0.1947	2.0789	-2.0302	-2.9836	2.6113	0.5298	-1.7103	-0.8700	-0.4688	-1.3658	1.5225	1.8115	-0.1914	-0.6127	-2.2549	1.7700	-5.2852	-3.2481	2.8106	2.2446	1.6119	1.5453	0.4966	1.9428	0.5145	-1.8066	3.8328	-0.9358	-0.5366	3.6164	0.3742	-1.2514	5.7718	-0.7025	1.8413	2.0426	0.1731	4.7606	-0.5113	1.6629	-7.5904	0.2093	-8.0884	0.4371	-0.6795	1.3620	-4.3766	2.9207	-5.7044	1.3670	-0.6884	0.4553	-2.8842	-4.7034	2.3809	-0.9749	-1.7875
-1.3685	-3.2928	-1.2699	-3.4362	1.8082	-0.8215	2.9644	0.2656	2.6805	0.8028	-2.8522	0.6766	-2.4732	-0.9245	-2.9720	0.4554	0.6994	-2.7800	0.9048	0.8892	0.7222	-0.6475	0.8126	-0.2835	-2.9672	0.5866	0.2647	-0.0069	-1.8538	4.9132	3.8547	-1.8570	2.6827	-0.5161	1.5708	-0.2102	-1.3713	-2.3840	-0.2350	1.7696	1.3162	-0.4595	-0.6461	0.3425	2.3807	-4.2543	1.4070	2.8048	0.4316	1.2604	-1.4857	4.3550	0.6753	3.3319	-2.2480	2.9284	1.2110	-0.0042	2.4022	4.3117	-2.5331	-0.9635	-2.1783	-1.4818	2.9380	3.5621	0.3582	-2.2924	1.2719	-6.8939
-3.7910	-3.1701	-2.9854	0.3472	-0.0846	1.2897	-3.9748	3.9846	2.5409	-0.1268	2.6046	1.3751	0.1726	-2.5881	-0.6693	1.6039	0.3061	-1.7326	-1.1336	0.3175	0.3293	-1.2680	2.6507	-0.7008	-1.4475	0.8145	0.3451	-0.8918	0.8232	6.5746	-0.0698	-0.4989	-0.4336	0.9151	1.6540	4.7955	-4.5003	-3.5680	-2.6575	5.0088	-1.3649	1.5250	-4.7267	-1.8552	-0.0834	0.5048	-1.2760	13.9888	1.0424	-0.0268	-6.2344	4.3769	0.6322	-7.5888	-2.2515	6.9397	2.2864	-1.9528	-1.6389	0.2935	3.0095	9.5755	-4.2720	-0.5863	0.2189	-1.3400	6.2346	0.6062	4.1026	-4.9753
-0.9609	-1.1362	-1.5982	-1.3164	2.1229	0.2504	-0.4300	4.4995	3.4177	0.9136	1.2039	-0.1335	-0.2589	-1.5602	-0.5863	3.0367	2.3988	-2.5927	-1.1217	-2.2862	-2.0819	-0.4082	-1.2386	-2.9399	-3.7254	-2.6994	0.5864	-0.5222	-2.8562	4.1243	4.9448	4.3879	0.8130	0.2982	-0.0961	4.1167	-0.1375	1.8399	-3.5544	7.6800	-0.3638	0.5326	0.8165	-0.2335	-1.9116	3.0041	1.2964	7.7626	-2.3520	-3.2730	4.0070	7.2966	1.2730	-6.1124	0.9777	-2.3763	2.3654	-4.4564	-2.3511	2.1385	-0.4459	-6.1770	-3.7232	-1.0470	-1.6162	-1.4658	-5.2397	0.7438	1.3240	-8.8308
-1.4613	0.7624	-4.3306	-1.3441	-2.2754	0.9637	-3.3277	5.2920	-2.5104	0.0944	-1.3893	2.4709	-1.1368	-1.0492	2.8404	3.1572	-0.7543	-4.5174	0.8769	-0.1805	-0.4417	0.5480	-0.5360	-1.8844	-0.1120	-3.8398	-2.2010	-0.9356	0.8851	5.2792	-1.9570	-0.6953	0.8370	0.5936	-1.2304	2.5983	1.8509	4.9657	0.8522	6.7591	-2.2064	1.0097	2.1499	0.1831	1.4753	4.0948	-0.8062	5.6798	-4.3324	1.5499	5.5562	-4.8055	-0.2774	-1.7643	-2.3866	-7.1211	4.0006	0.2124	0.0626	3.3976	-4.7062	-5.1585	-6.3155	2.1142	-2.6943	-2.6079	-3.3748	-2.9688	-3.0589	-7.9991
1.9394	2.2609	0.6926	-0.6412	2.7371	0.8190	-1.9227	-1.7789	3.4042	-0.6145	-0.2508	3.8637	-0.6273	-0.0857	0.2784	3.0578	0.9842	-3.4432	-0.6209	-0.3028	1.3076	-0.0658	-0.1532	-0.2669	-3.0988	-1.6444	0.6218	0.8978	1.1944	-4.3974	-2.8882	-2.7157	-0.5967	-1.3698	-4.5078	0.4081	2.2692	1.4427	3.6326	-0.7522	0.4579	0.0734	3.0444	0.3007	0.9058	1.0506	3.5761	-5.7219	-1.0608	5.5124	3.8019	-3.2296	-3.5072	0.5370	2.1919	-8.0574	-0.5329	4.0114	3.0419	3.3319	-2.7868	-1.9348	0.1539	1.4383	-3.3830	-0.3589	-2.7737	-0.9194	-1.2117	-8.1672
-2.6659	-0.8123	0.6512	2.6957	-1.6385	-1.5322	-0.8526	-0.2911	-1.5581	-0.3960	-1.6848	0.1485	2.2218	-1.0776	1.9124	1.7902	-0.8698	-0.1158	0.8075	-1.3449	0.2527	0.5308	-0.7743	0.6503	3.1797	-0.1376	1.4594	0.1596	2.8163	4.2365	-4.8260	1.3474	-0.2732	0.7685	1.0147	4.1484	-1.9601	-1.4911	3.2046	2.4594	0.4939	-3.9233	1.4830	-0.0657	0.9107	-0.7323	-0.7960	5.2458	-0.3253	3.4423	-0.2862	-5.7380	2.7800	-3.5895	2.7998	0.2635	0.5921	5.6773	2.9016	5.1553	-5.5660	-1.3233	0.4957	0.2350	-0.8513	-3.0062	1.9508	-0.0458	1.7092	-2.3360
-0.0579	-1.6257	-1.0468	-1.2190	1.0371	0.6120	0.9551	-0.8400	0.3585	-0.0604	-0.8633	-0.2518	-2.7458	0.6372	-0.3787	0.5351	1.0385	1.8257	-0.0857	-0.9892	-0.2495	-1.1449	-0.0690	0.2271	-0.8745	-0.1020	0.7263	0.2038	0.0201	-0.7816	-1.2638	0.0174	2.1567	-2.0508	1.9761	2.7810	-1.5236	1.3583	-1.1580	-0.9398	0.7238	0.1496	-0.4297	1.7106	-0.4079	-4.9662	-2.3802	3.1272	1.7645	1.1389	-0.9214	-1.0012	2.4906	0.8011	0.1316	-2.3524	-0.4888	-2.5404	3.7919	-0.3029	1.4594	-0.0281	-6.1190	-0.9859	0.1519	-2.1714	3.9538	2.8025	0.9503	-1.9029
2.5556	0.4362	-2.1063	0.0614	-0.7432	0.5794	-1.3852	-0.6578	0.9977	-1.5646	1.5190	-1.1452	-2.8027	1.3943	0.0369	-3.2934	-0.6922	6.8185	-0.6365	-0.7169	0.2080	0.6764	1.4334	-2.7826	0.7693	1.3116	1.1406	-0.6196	-1.8719	-5.3758	2.9245	0.2895	1.8096	0.7286	1.4786	-1.6185	2.2278	-0.9738	-1.6342	-0.4150	-2.0336	2.5202	2.8555	-0.7683	-1.0890	0.1393	-1.0661	-0.2679	-2.9518	-7.1495	3.4838	4.1718	-0.4343	-0.5580	-3.6729	-5.8527	-2.9579	-1.9670	-4.1588	-3.1776	7.1069	-1.5759	-8.3527	2.6742	-4.2511	-1.9750	-1.0100	5.9491	-1.2297	10.4674
