X1	X2	X3	X4	X5	X6	X7	X8	X9	X10	X11	X12	X13	X14	X15	X16	X17	X18	X19	X20	X21	X22	X23	X24	X25	X26	X27	X28	X29	X30	X31	X32	X33	X34	X35	X36	X37	X38	X39	X40	X41	X42	X43	X44	X45	X46	X47	X48	X49	X50	X51	X52	X53	X54	X55	X56	X57	X58	X59	X60	X61	X62	X63	X64	X65	X66	X67	X68	X69	X70
-0.0086	-2.7090	0.1584	0.5430	2.4727	-0.0442	-0.2166	-2.0914	-0.1250	-0.8951	-1.0933	1.6424	-0.6948	-2.1567	0.4054	0.2022	-1.6195	2.7131	0.3439	0.5817	0.6940	-0.7286	-1.2468	0.7810	0.9080	1.9663	-0.5978	-0.2562	0.5434	-0.4176	-1.7533	1.1822	4.9553	-5.5599	-0.0454	-7.5871	1.8190	-2.3996	4.0471	-10.0376	-0.2410	2.7142	1.3305	-1.9816	0.9615	-9.0941	-3.3426	1.0781	-1.8849	-8.8741	0.7535	-5.1340	3.3074	-13.3829	-0.9518	-11.8543	-4.3660	-6.0940	12.9181	-6.9959	1.4813	-1.7981	-3.7219	-7.0117	-12.4079	2.6658	-3.6392	-3.2095	1.0210	-8.9002
1.5701	1.9952	-0.3958	-0.0950	-2.1162	-1.1240	-1.0886	-0.0222	1.5032	-1.1718	0.9251	1.9232	1.1353	3.0088	0.2558	3.5529	2.3455	-4.3517	0.6036	-0.2416	-1.2550	-1.3478	0.6207	-1.3974	-1.0710	1.2644	-2.0215	-2.8183	-0.1560	-2.5442	0.5120	0.8530	-0.7357	-2.8148	0.8840	-0.4969	1.3781	2.2014	-3.1670	-2.6487	-3.5324	2.9733	-0.2805	-0.8075	0.9348	-10.6515	7.2569	1.4572	5.2126	-3.1397	-3.6966	-15.7922	1.6355	-13.5539	3.3665	-22.9778	-3.7485	2.9060	3.1316	-0.2869	13.2373	3.2320	-0.4391	4.4768	0.8662	4.8273	-0.5485	3.3722	11.7869	-0.4839
-1.9621	-2.5770	0.8058	0.1513	1.4968	2.1451	0.0564	1.0563	-2.4862	1.9749	-0.0970	-3.2250	-0.2670	-3.1944	0.8974	-1.9797	0.1376	-1.5912	-0.7576	0.5610	2.8164	-1.5744	4.5976	-0.3283	-0.9139	1.1842	-2.3443	2.9166	-0.7493	0.2137	-4.2376	1.4720	-1.7854	-1.4558	-0.6276	2.5684	-1.0760	-3.8491	0.1559	2.9181	6.3308	1.0969	2.0191	-4.0782	-0.4247	14.1851	-9.1057	-6.2062	-5.9500	8.7618	9.9528	15.8010	-2.3173	18.5970	-4.4206	31.7150	-1.3441	0.1763	-11.2702	2.0084	-10.0574	-2.8265	-2.2118	0.9235	8.6119	0.4529	4.2907	-10.1957	-28.5552	1.4300
0.7910	0.8774	2.7598	1.5052	-1.0050	-0.1606	-2.3003	0.3698	-2.4125	2.3554	-1.6560	-0.5043	-0.9259	-0.9735	0.5838	-1.1412	3.2640	-5.0400	-0.3294	-1.7657	4.1674	2.3176	-5.8471	-1.2730	4.2888	-0.6735	1.6425	0.3521	3.5788	6.4303	0.0348	4.8058	1.9417	-2.4134	-0.6520	-0.9828	0.7796	2.1051	-3.2342	0.4617	-2.5481	3.5820	-3.3294	-1.6379	2.9714	-3.9223	1.6903	-3.5174	2.1837	0.8875	-1.9887	-0.3311	-2.2226	-6.3241	7.7282	-7.8008	-1.3967	8.0182	0.7130	0.2702	-1.8783	-4.3932	-1.7561	-2.8961	1.6877	-1.0854	-2.6615	3.2887	-1.3394	-0.7622
0.3937	-1.2583	-0.8972	1.9152	-1.8579	-0.7534	1.8522	0.9287	-0.3776	4.8892	3.0496	1.4427	0.8006	-0.4294	-0.1235	0.6855	-2.0935	3.4508	1.1815	0.3945	-1.9834	-0.5222	10.1294	-0.0927	-1.9599	0.4581	-1.1691	-1.7290	1.4989	-0.3659	-1.8654	-1.5812	3.7648	-0.3947	1.0058	-3.3162	0.8137	3.0912	0.0404	-3.3394	-5.2337	-2.9628	2.7447	0.2448	-2.8090	-11.3221	-6.0383	-5.9016	7.5579	-8.3015	9.6249	-8.0506	-0.2312	-12.1794	7.5384	-14.8136	5.9105	-6.7328	16.8818	-2.5742	2.6182	1.2624	-2.9134	-2.1890	-14.6780	4.4625	0.3404	-1.0354	2.5507	-2.0815
0.2145	-4.4627	1.5859	-0.8693	1.1653	0.6634	1.1782	-1.6532	-1.3743	1.5444	1.3503	-1.0765	0.3417	-3.4774	-1.1199	2.0497	-1.3626	-0.5816	-0.4186	1.5971	0.3838	0.7929	5.2284	2.8596	1.6531	-2.7740	1.3513	-0.7394	2.3295	0.8549	-6.9117	1.0822	9.6140	5.7239	0.9023	-12.2325	-0.7313	0.9437	6.0492	-18.9607	1.8113	-1.2520	2.4212	1.1071	-0.9303	-17.9837	-10.5699	-6.0209	-2.0912	-19.3634	10.7079	-6.7468	21.1358	-21.9604	10.1731	-23.8055	-0.1386	-11.2211	34.5198	-10.7879	-4.2582	-3.4974	-5.4766	-8.1966	-34.5128	-8.0431	-0.5448	6.0310	6.7997	-16.7159
0.9164	-1.3495	-0.8192	-1.0179	-4.6412	-0.1749	1.5788	-0.1813	-1.8345	-0.2027	-2.2113	-1.0466	1.8585	-2.5430	0.5181	0.3701	1.0800	0.6851	0.4642	-0.1108	0.7066	-1.9903	-0.0569	-0.2457	-2.7753	0.0435	-3.4408	0.2024	2.1977	-1.6428	-1.9837	1.1927	2.4904	0.3875	0.0623	-3.2320	-1.1668	-6.2189	-2.1234	-7.9217	10.7597	3.1147	0.7397	2.9623	-1.9411	7.0272	-5.0589	-3.8273	-11.5918	6.3297	15.2280	8.5601	7.5381	8.1038	-7.9713	16.9063	3.2062	-5.7453	0.4326	-10.2197	-11.5485	2.5208	-0.3616	4.8784	-0.8208	3.9739	3.5668	-14.8583	-11.1375	2.8008
0.6318	-3.3749	-2.1585	-1.4447	0.2261	-2.5829	-0.9138	-0.5050	0.4461	-0.6727	0.7647	2.9194	-0.4473	2.5202	-0.5483	0.9292	0.6795	0.1438	-0.0315	-0.8255	-0.2302	2.9947	3.3933	-1.3133	2.6887	0.0096	3.0280	-0.6969	-0.3450	3.6703	-5.1629	-0.6573	2.6704	-2.4335	-1.0375	-1.7755	-1.6846	5.0964	-1.6980	-0.3189	-3.1588	-0.8653	-4.4076	-2.0147	3.6377	-4.3808	6.8911	10.3453	3.2563	-3.4153	-6.9860	2.3033	-3.3277	-6.3788	3.6997	-13.7545	-5.4996	3.0971	-6.4945	5.8534	3.6223	-0.3605	-4.3927	-6.7596	6.9103	-3.0766	-0.8853	6.7241	18.8590	-0.0555
0.9488	1.7702	-1.4955	0.3920	2.4328	-0.4260	1.6498	0.6625	0.9897	0.6138	-0.9017	-2.4182	-1.6479	3.1058	2.7509	-1.4199	-2.8410	4.5188	-2.3268	2.0709	-1.2437	0.4508	0.0958	-2.7076	-0.0359	2.0268	0.2384	2.2056	1.5804	-0.8910	4.2343	-2.1017	-2.4012	-6.5341	-0.0002	3.9881	-0.9741	2.4882	3.7195	5.0013	-0.4401	4.9575	0.8995	-7.3272	-1.7638	4.3859	7.5015	9.3002	-0.4437	-4.1633	-10.9434	1.0050	-9.7979	3.5708	0.1476	0.2170	-2.4107	2.7245	-22.2925	8.2682	2.9147	3.2308	-3.2805	0.1658	22.0192	2.4819	0.9897	-7.1835	8.9148	8.6510
0.9680	1.5027	-1.0265	0.8971	3.5390	-2.1201	-3.8349	2.6048	-1.6179	-5.7466	-0.4134	4.2928	-0.4811	-1.7717	-0.7462	-0.4968	4.7259	-6.7202	1.4158	-3.5045	2.4182	1.1565	-8.9992	0.4518	2.8587	-1.0063	0.9938	-0.0030	1.3555	3.5434	4.3123	3.4111	0.7156	-0.2786	-1.3253	4.2765	2.7668	0.6151	-10.2331	5.9937	0.8692	3.1428	-5.1068	-2.0450	3.6520	5.8884	3.7200	-4.0185	-3.8405	16.5550	-8.0182	5.8668	-5.3603	7.0419	0.1837	11.2675	2.4897	10.0532	-15.8071	-1.6552	-6.2572	-2.7951	-0.5007	6.2617	15.2912	-0.6712	-5.0637	5.7933	-5.9929	7.0113
-1.0306	-2.1151	-2.7406	-1.1192	3.0067	0.6526	-0.5012	1.2322	0.0467	0.8355	0.7753	-2.7911	-0.2115	0.1109	-0.6831	-2.9974	-1.9971	3.5632	-0.6801	-1.4695	0.1976	-0.7493	3.6097	0.5295	0.3705	2.8896	-0.8819	-1.2515	-0.5056	-2.6778	-5.2580	1.4966	1.8708	-4.8170	-0.0789	-0.0815	-0.3493	1.4175	-4.2337	0.3274	-4.5099	-1.5047	-0.0396	-5.5878	0.8609	-4.3903	4.1967	10.9900	3.7982	-2.3753	-5.9724	2.5759	-7.6923	-2.9449	1.3635	-5.3602	1.4809	-1.1944	-3.4620	5.0174	2.5966	-2.2993	-5.9784	-6.4972	4.5899	3.1150	0.8483	-0.2022	6.0517	4.4989
-2.5477	0.2196	-0.8793	-1.5591	0.6497	3.2565	1.1366	1.6864	-1.3038	0.3913	-0.0989	-4.9359	0.8763	-0.1791	-0.1643	-4.1960	-2.7332	3.5520	-0.9053	1.8157	0.8303	0.4538	1.3552	-1.6611	1.8972	0.7392	0.1076	0.6617	-1.5592	-1.4684	-0.4870	3.6667	-6.9229	0.9311	1.3265	6.3807	-5.6182	1.7595	1.8442	9.2168	-2.1448	0.4382	0.0428	0.9071	-1.4937	5.4292	3.6784	6.6563	4.4101	-1.4696	-5.9744	-2.3674	-5.4398	8.4772	9.4717	12.0663	0.7694	2.4235	-4.7452	10.0356	5.7978	-6.9243	6.3798	-0.4949	2.3460	-2.9367	7.0338	4.7795	-7.7318	2.0678
-0.6152	-1.3149	-0.1971	0.6529	-1.7942	0.6979	1.5554	-0.0283	-1.6210	-1.7085	0.4334	3.4730	-1.3913	-2.1574	-1.0351	1.9862	-3.1463	4.8326	-1.9313	1.9544	-1.2054	0.5698	3.3980	2.2802	-2.2633	-0.1549	0.0855	1.4027	1.6489	-1.0015	-1.1988	-2.8336	3.5947	2.8671	-0.1846	-1.4631	-0.2055	-1.5426	3.4337	0.9578	3.8441	-1.9920	4.6416	-1.4311	-0.5168	4.7166	-10.1058	-2.9940	-3.6737	-0.3132	11.4342	7.9834	-4.3859	6.6009	-0.7692	9.9751	6.9608	-7.5728	5.6242	4.4520	-2.8688	2.7193	-5.6838	-5.1359	-4.7005	-3.4244	-0.8611	1.4245	-0.7846	4.8127
1.5809	-0.3495	-1.2864	0.0059	0.9859	-1.7057	1.1242	1.0815	-0.1571	-2.2533	1.4596	1.2417	3.6668	-1.2255	3.1968	1.5875	-0.9305	1.4034	-0.0595	0.6095	-3.8943	0.7305	2.9212	-6.6055	-1.5696	2.4638	0.9287	0.6402	-1.0070	-4.2000	1.3239	-3.6810	-8.6336	-1.2934	-0.3283	10.7800	-2.6831	9.8654	-0.4255	14.9493	-10.9566	-0.6507	0.3404	-0.6327	-0.8336	0.3572	-2.9798	-5.3878	13.5150	1.7670	4.3105	-10.2097	-13.2586	3.9665	14.3692	7.3893	-1.6175	10.0492	-2.5434	14.2688	13.7684	3.2118	5.5589	16.3343	2.6662	6.7733	2.3111	8.8846	1.5621	1.7785
-1.2932	0.9495	0.6984	-1.6116	2.5196	1.1617	-3.1282	-0.3697	-0.4795	2.0458	-1.3268	-0.4579	-0.7059	0.0974	0.2471	2.3492	1.9352	-3.0441	1.8356	-4.3713	-0.5330	-0.4092	-5.0060	0.7203	2.8018	-1.1648	-1.4058	0.7008	0.5586	0.1936	-0.4677	5.6579	0.0618	-2.9091	0.9798	-0.7171	-0.8986	-3.0686	-7.8576	-1.8418	6.2834	-0.2613	-3.1395	-0.8589	2.5503	10.8678	9.7998	4.5419	-10.5369	20.5412	-7.7542	7.3953	3.7606	14.9125	-4.0645	21.3431	-0.3515	3.6738	-23.6716	-0.9115	-6.1574	-3.3322	-2.9168	0.9285	25.5482	-1.0309	2.8104	-9.3258	-12.6755	9.4314
1.3405	-1.9264	-0.7626	-0.6486	-0.8980	-2.3100	-1.3831	1.2996	-1.8065	-1.8026	1.6564	1.8625	-1.2819	-2.9472	1.2007	0.3842	1.3319	-1.9377	-0.4934	-1.9382	3.4793	-1.3804	-0.2542	-0.3449	-2.3460	3.4087	-1.7022	0.3832	2.5676	0.3352	-0.8034	0.2359	2.9799	-5.5608	-0.1315	-0.1841	2.7159	-0.0178	-2.9376	-0.3951	-1.7724	2.0648	1.6136	-8.1774	1.8216	-2.3275	-7.1630	-6.9034	6.4438	-3.6481	9.4038	-0.9883	-5.7843	-0.8463	4.3238	2.2242	4.6830	1.2358	0.4497	-1.1341	-2.5720	4.1019	-9.6634	0.4110	1.9055	8.6388	-3.0581	-2.3775	-0.4893	4.0754
2.5682	3.5760	0.5147	-0.6840	-0.5774	-3.1988	-1.4688	-0.9592	1.1703	0.6580	-0.3004	2.5374	0.1661	-0.4307	3.5603	2.0491	1.9358	-1.9100	2.1718	-2.5775	1.5970	0.4729	-2.3983	-6.5053	2.2297	-2.2386	0.5653	-1.1454	-0.3266	1.1807	6.5130	2.5175	-11.0162	-1.2616	-0.4064	10.0378	3.9937	7.8406	-1.2541	11.5428	-8.8726	1.5868	-2.6885	0.6733	1.5128	-0.0432	6.5472	1.4402	12.1077	0.9150	-9.4084	-16.4312	-1.1989	-0.9630	10.7767	-1.3585	-9.5337	11.3967	-9.0516	-6.9315	7.4665	-0.1953	9.4305	24.5700	10.7457	5.8590	-4.6898	7.9784	2.7053	-3.1976
-0.3231	-3.3771	-0.1704	1.1847	2.6966	-1.4134	-0.7440	-1.3506	1.0368	0.0347	-0.0978	1.0242	0.3673	-0.4986	-0.8686	-0.5755	-0.8621	1.2536	0.5779	-0.0417	-0.7937	-1.1652	0.0618	0.0908	-0.6068	-2.9568	-0.1354	-0.1081	0.5673	-0.9115	-2.0338	-2.6038	1.0995	3.1863	-1.1808	-2.9594	1.7247	0.2406	1.6041	-0.7099	-1.3518	-1.7697	0.4699	2.9258	0.1736	-3.7366	-5.8947	-2.0746	3.8944	-3.6806	6.3875	0.2819	3.3058	-3.2639	-0.6885	-3.6889	-1.1980	0.0369	12.1604	-4.5505	-3.7850	0.8908	2.7642	-3.9489	-10.8508	-4.2679	-3.8171	8.8307	-0.6804	-4.9994
1.2044	0.4485	0.9795	0.3296	1.2876	-1.3382	1.1020	3.2594	-0.6528	-1.2421	2.6429	4.6621	0.4090	0.3687	1.3587	-0.3570	-0.5586	1.7511	-0.9010	0.5399	-1.5434	0.2028	3.1755	-3.0791	-1.4048	-3.1080	-0.7159	0.9373	0.7452	-2.4504	1.6567	-2.3928	-1.0985	6.8843	-1.2553	5.0662	3.4593	6.3662	-5.6966	7.3468	-6.0093	3.4712	1.3404	2.6162	-2.3149	-2.3675	-2.5722	-0.0844	6.8045	9.9711	0.3404	-0.5594	-7.0520	-1.1823	9.4281	-1.5306	6.2321	0.7525	6.7651	-1.4662	0.2300	4.1799	1.8011	10.9793	-4.7233	0.1514	-5.7710	6.6674	5.4555	3.1307
-2.9218	3.4357	-1.8252	-1.2230	-1.6081	2.0376	0.3242	0.8814	-0.3226	0.3102	2.3842	-2.8131	2.2939	0.2398	-0.4779	-4.1675	0.1754	0.4323	2.8286	0.6949	-5.2457	1.3460	-0.5664	-2.1136	2.9042	0.9559	2.4585	0.0765	-1.2795	-2.5844	4.0432	0.0736	-4.4818	-0.4419	-0.6879	7.5475	-4.5433	4.7650	-1.1290	11.6474	-5.4215	-2.9833	-1.3549	-1.2537	2.8657	3.0896	7.9005	7.0220	7.5178	2.8963	-5.0028	1.9066	-12.3393	6.4169	1.7965	6.5913	-3.3632	5.2693	-12.4481	15.1331	6.4605	-8.2108	3.0150	-0.5650	8.9614	-3.1756	5.6418	14.7792	-0.0144	3.9862
0.7038	-2.6746	-0.2630	-1.8133	1.5535	1.1001	-2.1669	1.0377	-1.7545	-1.3473	-0.2301	-0.9321	2.8506	-0.8209	-1.1257	0.1764	2.3221	-1.8447	-1.2402	-2.4002	-1.9559	1.5358	-1.7057	1.9114	3.8771	-0.4351	2.6302	0.8301	-1.2044	1.4130	-2.7665	3.8243	1.3182	1.4168	0.6446	-1.6430	-3.8770	1.9245	-6.9023	-1.8362	-2.6114	0.1960	-4.6943	0.3036	2.6613	-4.4086	0.4216	-1.2586	2.9615	5.5847	-2.6534	-3.2016	2.9617	-5.3864	5.5547	-5.8703	-4.4392	6.3629	5.9709	4.7569	1.9688	-4.5910	0.5044	-2.7507	-5.8927	-5.4172	2.8889	9.0393	1.3599	-8.3299
-1.2527	-1.8264	-0.0598	0.0053	0.8209	1.7391	0.6850	-1.4389	1.2961	-3.3227	0.2777	-2.6181	-2.3487	1.2777	-1.5778	-1.5844	-1.1527	3.2230	0.2854	0.7524	-0.7742	0.1520	1.2741	2.3526	1.1948	-1.7956	1.1669	-0.9613	-0.5577	-0.5479	-4.5421	-1.4574	3.8038	7.4694	0.5756	-5.9630	-0.6453	-0.9977	3.6186	-8.8348	1.6230	0.7566	-0.3377	2.5410	-2.2365	-6.4009	0.7855	9.4039	-2.3401	-9.7957	-7.3075	-0.6282	12.7551	-8.2627	-6.0990	-15.0163	-2.4750	-8.6607	10.8425	-6.0045	-2.1792	-2.4156	-3.1697	-10.0359	-10.0133	-5.8657	1.8980	7.3275	11.0289	-7.0530
0.4736	-1.3123	-0.1868	-1.3847	2.4196	-0.1091	2.8055	-0.9268	-0.3495	2.5003	-0.1771	1.1766	-1.0450	-0.8647	-0.2685	-1.4593	-3.1007	3.1195	-1.1484	2.2663	1.7987	0.3266	3.1353	0.2731	-1.7651	-2.0695	0.5630	-1.6593	0.1584	1.0622	-1.3912	-3.4904	1.7146	4.7457	-0.4059	-3.4865	0.8464	-0.6599	4.0203	-5.1711	2.2620	0.8756	2.3167	1.4937	-1.8902	0.7606	-4.6653	-0.5247	-2.0955	-6.7057	0.9356	4.3001	6.2026	-0.0491	-0.1758	0.9422	2.8815	-7.2522	6.2664	-5.1250	-4.9398	4.5212	1.3557	-4.9049	-3.8734	-1.9430	-0.4788	-3.6616	8.8574	2.7162
0.9466	-1.5220	-1.3793	-0.4610	0.4028	-2.1429	-0.5258	1.2786	2.1210	1.2800	2.2958	0.0019	0.4719	3.5944	-0.8653	2.3274	-1.2918	2.4509	2.6024	-0.0640	-1.7195	0.7689	1.2356	0.5099	0.5611	-0.3728	0.8918	-1.5025	-2.6770	-1.5228	-0.6456	-0.6156	-3.1623	-3.1683	-0.0020	4.4192	-1.3546	4.0672	-1.7042	3.8051	-5.0396	2.4891	1.2088	-2.3081	-0.2769	-5.3739	6.1442	8.4561	7.3106	-2.6081	-7.5923	-10.0658	-0.4497	-4.5758	-1.0939	-13.1337	-4.2909	-0.5600	-1.5627	5.0429	11.5602	2.6206	0.8403	5.0021	2.8973	-0.3921	2.4304	8.4807	15.3888	-1.5413
0.1635	1.1806	-2.2385	0.9869	-0.2232	-2.3742	-0.3778	-2.7560	-1.6259	5.8525	1.3506	2.7959	-0.0915	-5.2614	1.1511	0.5607	-0.0723	-1.4699	-1.5360	1.8383	1.4731	0.4347	5.7942	-4.2470	-0.1572	1.9265	0.4201	-1.4024	0.4782	1.0046	1.1276	0.1441	-2.7454	-12.5845	-0.3874	0.2354	-2.0261	4.5135	7.7510	-1.9838	-6.6983	1.6667	-0.1519	-7.3803	0.5242	-11.8377	-2.5641	-6.1875	8.3689	-20.0319	2.0641	-17.3340	-1.7142	-15.8973	12.2411	-14.3281	-3.0644	-0.0945	6.3056	4.6169	10.4037	-0.6175	-2.0319	-2.2683	-4.4396	7.1951	2.7875	-8.3544	5.8851	-0.0499
-1.6094	-0.1576	0.3104	0.4970	-0.8014	0.5825	-1.5568	-0.5813	-0.7093	-0.6707	0.7630	0.8428	1.5353	-1.1591	0.2197	-2.9784	2.5530	-4.7616	0.1453	-2.4306	1.1011	0.2190	-1.6250	-0.9155	4.0666	-1.4283	-0.1561	1.4344	0.0599	2.6426	-0.3371	3.8828	0.0088	2.9818	0.4053	0.3781	-3.3622	1.1104	-3.7784	-1.5849	-0.3628	-1.0653	-4.1351	2.7068	1.8422	-2.8788	3.0902	-1.5082	0.8538	3.4728	-1.7283	0.1104	4.7793	-2.9342	0.9140	-1.7716	-5.4089	4.0593	5.1042	-1.7484	-0.8598	-10.7556	0.5779	-0.3029	-6.4245	0.8530	3.9200	1.2090	-13.6378	-9.0929
1.3017	-1.9867	-0.9187	-2.0374	-0.0467	0.3154	1.2655	0.5131	1.2132	-0.1584	0.6883	0.3563	-0.5502	0.3521	1.1772	0.6801	-2.7252	3.6103	-0.1778	1.3225	-2.3449	2.0745	3.3256	0.9708	3.0517	0.6308	2.6267	1.1726	-1.7254	0.2495	0.6272	1.2488	1.0860	-0.6651	0.8807	-1.0439	0.0771	3.5595	4.0418	-0.3456	-4.3105	-1.3063	-0.6057	-0.8069	-2.9672	-5.4221	3.4857	8.3348	6.6401	-8.0476	-4.9237	-2.7593	-1.4816	-7.3973	8.9548	-10.4647	-6.3293	-2.2301	2.4707	4.8109	5.1061	-1.0064	-0.6346	-1.5106	-6.0029	-0.4878	-1.5455	6.7364	11.9933	-5.6857
1.2951	0.8755	-0.1213	1.5150	1.8251	-0.9469	1.6598	-1.5844	0.5658	0.2989	-0.2322	4.4565	-1.7579	-1.0938	-0.3940	0.9549	-3.4737	5.9344	0.9312	2.5689	0.1968	2.6753	3.1453	-0.9207	0.4314	0.1609	3.0793	-1.1366	-0.2750	3.0910	3.4267	-0.9482	-6.2928	-2.1596	2.2384	4.0828	-0.6507	3.2751	9.3035	4.0639	-2.4186	2.4698	0.9809	-2.6661	-2.4849	-0.7944	-4.0180	-1.8910	2.2041	-7.4298	-5.3454	-9.9916	-0.4837	-0.6494	8.6017	0.6853	-5.3895	2.0941	2.2738	3.3065	8.2354	0.0373	3.0316	3.5584	-3.6688	-1.1276	-2.2068	1.4716	10.5368	-3.0072
0.4214	-0.1724	0.0999	0.7197	4.5285	1.1935	-1.2874	1.3360	1.5443	0.6214	0.1264	-0.3748	-0.3163	2.0721	1.7567	-0.0651	1.9432	-4.0097	-0.7443	0.5598	-1.2420	1.1954	-1.0404	-4.0930	-0.6134	-0.8314	1.3455	1.6405	0.9419	-0.4324	-1.6318	-0.4438	-1.7252	0.0849	0.2903	1.2126	0.1394	6.7989	-0.8245	1.2160	-8.2781	-2.9145	-4.1773	1.4027	3.3716	-7.1715	-1.2651	-5.7100	8.4444	-4.1512	-1.7862	-9.0240	2.1785	-7.8058	9.6677	-14.6834	1.6148	6.8374	12.0195	-1.7973	6.0038	-0.0462	0.8201	4.5135	-12.3924	1.4481	-1.7895	6.6743	1.4160	-7.3399
3.4625	2.9585	-1.7044	1.9679	0.9645	-3.9309	-1.6632	1.1002	0.7963	-0.1079	-0.7886	-0.3322	1.7068	-0.5762	-1.2429	1.2492	0.3788	-0.4659	2.5773	-0.3837	-3.8132	-2.5987	-5.4965	3.6281	-2.2403	0.5644	-2.2937	0.4183	0.6663	-6.6253	3.0762	-0.4106	5.2134	-8.8069	1.4542	-4.3744	4.3562	-6.6636	-1.5599	-6.4014	8.5193	-0.5661	0.2322	-2.7710	1.6442	1.6596	2.5476	-2.6503	-7.0684	2.0207	0.4210	7.3024	-1.7165	3.5484	-4.1966	4.0113	6.1866	-1.0148	-11.7024	-2.9475	-4.9192	8.4825	-6.6149	0.2512	17.4820	4.1301	-2.5401	-8.8479	4.1645	13.4120
2.5722	-1.2535	3.2373	-2.1921	-1.5217	-4.7385	0.3522	-0.3984	0.8457	-1.1335	1.7993	7.5113	1.9883	0.2835	-0.3772	0.2602	-2.1234	4.4317	2.0506	0.2526	-2.2905	-1.1203	1.2769	2.0113	-0.0620	-1.1568	-1.5053	0.3458	2.0635	-3.7599	-2.6590	2.3739	5.9176	-1.5326	-0.9978	-6.3016	6.5628	-0.8395	0.7679	-11.0575	-0.6726	-1.0544	0.3063	1.2439	1.5525	-9.0711	-2.5913	4.6740	1.4628	1.4362	8.9067	2.6761	6.4665	-12.9931	-4.0685	-17.3122	-0.0825	-7.3355	13.4412	-16.5017	-7.8811	-0.5594	-5.8754	3.6064	-10.3738	5.1567	-8.3004	0.4862	5.7451	-7.6703
2.0229	-0.4487	-0.2031	-0.6249	0.9898	-3.2634	-1.9801	0.1635	-0.0498	0.0583	0.8798	5.2133	-2.6996	-0.3301	0.2129	1.4341	1.1259	-1.7761	-0.5239	-1.7440	-0.4019	0.4367	-2.1292	-2.8467	3.6705	2.3090	0.4988	-0.9300	-1.3952	-0.5316	-2.8236	3.9381	-3.6602	-9.9651	0.7944	3.7699	3.8491	2.0574	-3.1411	5.4318	-2.0495	0.8628	-2.2585	-8.0742	3.1092	4.3105	6.8829	5.3204	1.3993	11.1249	-9.4479	-1.0447	-6.9953	6.0595	4.4621	9.2098	-5.9635	7.0346	-25.3653	-0.2341	2.0951	-2.0296	-4.0019	4.3028	25.7760	4.0166	-5.1038	-4.2957	0.6507	6.7549
2.0862	2.8052	0.2513	-0.0564	-0.6358	-2.9255	2.0788	-2.8438	-0.4747	4.2867	-1.5260	0.0905	-0.8555	-3.2841	-1.0954	-0.0580	-1.2690	2.8552	0.0850	3.5427	0.3561	0.5822	2.4689	2.3225	0.6546	1.2847	0.5622	0.4757	1.4673	1.1838	2.8311	0.4319	1.9268	-5.6360	0.0267	-3.8518	4.4876	-3.5072	7.8252	-2.9576	2.3110	0.0714	1.6450	-0.8495	-3.3016	-0.0290	0.2943	2.1250	-1.4195	-11.6234	1.5393	-2.5294	-4.5897	-1.0885	1.3323	5.9861	-1.8760	-7.2674	-4.5650	-2.3490	-1.4999	2.8423	-3.9206	-4.4694	8.4875	5.8038	-8.3222	-15.0172	4.9661	5.5214
0.3733	6.4683	1.8370	-1.0933	1.0081	-0.1387	1.7706	0.1433	0.9998	0.1407	1.1985	0.6752	0.3555	1.1623	-0.6129	1.1302	-3.6957	4.2490	-0.9801	2.7475	-3.0229	0.0970	-1.8895	-0.3668	-3.7434	1.3080	0.0097	1.6360	-0.2715	-1.8363	7.8214	-8.2572	-8.7400	-3.9096	-0.0543	7.6209	1.2114	1.1711	1.9553	11.5107	-1.9883	0.8474	3.2505	-2.3251	-0.1185	6.5259	-3.1705	-2.7810	1.9948	5.1492	0.4605	-8.5420	-9.5304	9.8874	0.1051	10.9555	5.1839	1.5391	-5.7571	5.2759	8.1939	3.3617	6.3285	9.8246	5.5826	0.9068	-1.5438	-2.5819	-4.4042	7.7474
1.9375	1.1103	-1.8456	0.9686	-1.7358	-2.5508	0.3937	1.0016	0.5974	-2.2319	-0.5068	2.7209	0.6299	-0.5255	-1.1461	2.1717	0.8847	-1.3416	-0.1897	1.2253	-0.2997	-2.4846	-1.0787	2.0520	0.0661	-1.1018	-3.8321	0.9219	-0.4033	-3.2975	-0.8280	5.3179	-1.4068	3.5614	0.4457	5.1676	-0.3860	-6.6342	-1.1496	5.9240	10.4678	-0.8055	0.8524	0.9063	-1.1190	16.5555	7.3037	7.1804	-15.0544	11.1998	-3.8839	11.6811	-5.8402	21.7898	-8.7514	29.3015	0.7880	0.2783	-31.8641	-0.7378	-7.4231	1.6558	1.7364	10.5429	28.7273	4.5065	3.5614	-20.0431	-12.4051	17.7869
-4.2711	-1.1845	1.5336	-1.3349	0.7939	7.6294	0.2916	0.5168	-0.4533	0.3517	0.2235	-7.8586	2.8811	-0.0651	1.5831	-1.0333	-0.8511	0.6277	0.8353	0.8009	-1.8739	-0.0126	-0.7014	0.3771	1.3177	-2.3286	0.0005	-1.9109	0.0090	-0.4193	-0.9741	3.0923	2.4253	9.0270	1.5884	-2.5867	-6.4279	0.0304	0.8985	-3.7616	2.4224	1.1262	0.2249	9.2099	0.0871	-1.0151	-0.4835	3.4838	-0.9921	-3.0464	1.5896	1.7316	7.9606	-1.1918	3.9307	-2.4821	-2.8760	-1.1909	19.7562	-1.3846	-3.5952	-7.3600	7.0776	-2.7595	-24.9113	-8.7019	9.9046	8.8913	-5.8176	-12.7711
0.6351	-0.7190	2.1052	0.7474	1.4455	-0.1441	-1.8322	-1.6730	0.6611	-1.8695	0.8145	-0.2865	-1.1999	1.0430	-1.6641	-1.5095	-0.7444	0.8745	-0.0017	-3.1025	0.9140	0.2856	-3.0996	2.3265	3.7181	-0.4902	-0.5247	2.9336	-0.9062	0.3422	-2.0366	4.6273	3.4817	-0.5445	0.1227	-5.1230	0.5317	-2.1587	-3.3664	-6.9199	0.8951	-0.2914	-2.4235	0.9801	1.1952	-1.8780	5.0949	4.9045	-2.6529	5.0256	-6.3496	1.5067	7.3648	-0.7477	-4.3920	-0.9426	-7.2663	0.1187	-1.0480	-5.8881	-4.0379	-0.2747	-2.6661	-6.4275	3.0337	-4.1100	0.3488	4.6044	2.7158	-10.1723
-1.2422	-3.4710	-0.4521	-1.0827	-0.1914	1.7500	1.9189	0.9470	0.3433	-0.2058	0.3721	0.0032	1.3683	1.2584	0.2917	-3.2646	-3.1258	2.6187	1.1762	0.3179	-3.4342	-0.1521	5.6137	0.5407	1.0068	2.4435	1.4134	-0.9050	-3.7110	-3.1138	-4.9805	-0.0244	-0.9023	-0.8024	2.0324	1.2224	1.3627	1.5892	-1.4712	2.7087	0.3311	-0.1315	2.9694	2.1782	-3.4166	3.6034	0.3895	5.6401	-0.5437	7.7777	-2.1152	6.0129	-2.9384	3.9653	3.9729	3.8720	-1.8023	-4.0964	0.5445	6.9786	-1.0157	-4.9744	3.7366	-2.2197	-2.6766	1.8112	-1.9966	-1.2446	1.2434	-2.8181
-0.9315	1.3455	1.9789	0.1614	2.2160	-1.0990	-3.0404	0.1376	0.7494	0.5045	-1.9960	0.8770	0.1428	2.6658	-0.2508	-0.4101	4.6243	-8.0545	1.8858	-3.9247	0.0536	-0.4720	-8.2664	-0.8039	-0.4547	-0.8854	-0.4378	0.1907	1.7022	-2.3869	1.0629	-2.0716	-1.1010	-2.6512	-0.3636	2.9605	1.5565	-1.8581	-6.1596	2.4891	3.9759	0.6501	-2.4325	-1.9844	0.6502	5.3195	-1.8822	-11.5347	-5.4380	16.6422	-2.0898	4.9435	-1.1405	6.3394	-3.2980	4.0635	3.1045	8.0527	-6.8265	-2.1237	-1.9212	-0.5579	-1.2017	3.3764	6.2042	0.6442	-2.7278	-2.6992	-13.9047	2.4225
-3.9763	1.2322	-0.7484	-1.1957	-2.4744	3.3756	-0.0988	1.5640	-0.4606	0.6552	-0.5784	1.0801	-0.3978	-0.4192	0.8654	-5.3999	2.2084	-1.8272	0.3175	-0.1080	0.6979	-3.4404	0.1917	1.4858	-2.1891	0.2205	-4.9955	-1.9243	0.9319	-2.9616	0.0270	4.0625	4.0858	2.9077	1.6970	-1.4732	-2.1497	-7.5123	-3.3728	-1.3704	9.5218	-0.3378	2.6158	1.2512	-2.2885	9.5873	3.2093	-1.7399	-13.9172	9.0087	4.7251	18.9145	-0.9860	13.2436	-9.8658	19.3815	4.1927	-3.0758	-11.2800	-1.0894	-11.1604	-2.9617	-2.6804	-8.4305	7.1861	0.7183	7.7208	-18.3455	-20.2251	8.1132
-1.2521	2.5271	2.5043	1.1680	-0.4655	2.0784	-1.0738	-0.4380	-0.2047	-1.0171	0.6495	2.6864	-1.4635	-0.8600	-0.2760	0.4358	-0.0023	-1.0015	-1.1370	-1.3703	0.3646	-2.6387	-1.7448	1.7142	-1.0632	0.2334	-1.3496	-0.7331	-4.4710	-2.4528	3.1972	-0.6924	-5.9877	-0.6297	0.1039	5.9139	0.2882	-2.3457	-2.1998	8.0976	2.7668	-1.4049	2.6680	-5.5043	1.2351	13.6366	-0.4081	-2.1910	-1.3948	18.2371	-0.2462	6.1989	-2.5959	19.7779	-1.6131	27.8729	-5.0902	1.4870	-22.1075	-0.2087	-3.7285	-1.0229	3.3352	7.4002	20.1469	-0.9673	3.5476	-1.5219	-15.4269	7.2564
-0.1374	1.6020	2.2836	-2.4719	1.2415	-0.3942	-1.5566	0.5806	0.4012	-4.0898	0.9969	-0.8517	1.1108	-0.7373	-2.7636	0.7729	0.5173	-0.6050	1.9065	-1.1645	0.0885	-0.4633	-3.8125	4.9966	2.7828	-1.5164	-2.4379	-1.6548	2.3781	-2.7477	1.8590	6.9713	9.4761	2.4725	2.0790	-8.8162	2.9944	-5.2959	-3.3915	-12.9417	7.2035	-0.3790	-2.3031	1.1972	2.9007	-4.2816	3.1565	-2.6582	-9.8861	1.3257	-1.2074	3.9628	9.6623	-6.9126	-3.6665	-8.7556	4.6151	-8.2752	4.4807	-14.5005	-7.9630	-4.8764	-9.2289	-7.8374	-5.6954	-3.1416	-0.9288	-0.7347	-7.5488	0.5537
0.7031	0.0526	0.5559	0.2610	-1.0986	0.3807	0.3084	1.0216	1.9619	0.2434	0.0994	-0.2884	0.4230	1.3900	0.6410	0.8414	0.4268	-1.5032	-0.4668	1.6982	1.0263	3.5100	-0.3734	1.3811	0.4561	-3.6936	3.6523	-0.4624	1.4014	3.0932	0.3741	-2.9212	-0.3576	6.0344	1.5723	3.0621	0.8289	3.2133	1.3575	4.6511	-4.6584	-2.9985	-1.2295	2.0162	-0.9218	-3.7140	1.8632	1.9008	3.2686	-3.3849	-5.0639	-6.1323	-2.9568	-5.1038	2.9715	-7.7171	0.4984	4.1322	5.7846	4.7777	6.9127	1.2886	1.4891	4.3705	-5.6160	-4.2874	-3.3540	7.0635	15.3959	-2.0935
-1.1635	-3.3388	-0.1042	-0.0527	-2.3585	1.8650	1.8381	-0.1420	0.2885	0.1198	2.8627	-1.8668	-0.3173	-0.4481	-1.5488	-1.6488	-0.7461	-1.6073	-2.0510	2.0869	-0.6141	1.3943	8.5119	2.5380	3.2963	0.1803	1.0783	-0.7126	-0.5878	2.5047	-3.2201	1.9231	6.5419	1.4606	-0.6459	-6.2455	-2.6752	3.3994	3.0518	-11.0884	-4.5091	-2.2006	-0.4382	-0.0226	0.0976	-17.2195	-0.9604	-0.9283	5.0703	-18.6342	3.7824	-4.6564	5.2242	-19.4368	4.8534	-25.6926	-3.9873	-8.7090	22.2705	2.1341	1.1854	-5.7679	-7.0343	-11.5172	-24.0008	-2.4868	1.6821	4.0587	6.7564	-12.2318
-1.6839	0.2743	-0.0487	-1.6267	1.9302	0.2754	1.6408	-0.4497	-1.3721	2.1832	0.3830	-0.2907	2.1088	-2.9356	-2.9088	-3.7819	-2.9022	3.2843	-1.0599	2.5593	-0.1801	-0.9487	5.2105	2.5110	-5.7015	2.3423	0.6728	1.5837	-2.6859	-2.4764	1.1651	-10.7115	-4.1839	-5.0583	-1.2677	4.4864	1.4535	-0.4952	2.9836	7.3941	-0.8378	-2.4963	1.8874	-2.9182	-4.0831	6.3035	-16.5434	-10.8033	-0.4216	3.0610	17.2631	11.7065	-10.4495	8.8931	0.7492	16.8149	4.9918	-1.6948	4.1097	6.1859	-6.1189	3.8217	1.4975	1.2307	-5.9262	-2.0966	-1.1681	-1.9680	-10.2508	2.6625
-1.6520	-0.1267	0.2797	3.9164	-0.3947	2.3639	1.5563	-0.1168	0.9857	1.5699	1.8259	-2.4607	1.9618	0.5255	0.4220	-2.2587	0.3136	-2.2107	0.2462	2.5190	-3.2257	-0.8552	3.4786	-0.7011	-3.3633	0.8891	-0.5289	1.1556	0.1876	-3.0572	-1.1840	-4.0379	-0.9655	1.9203	0.1564	2.2804	-3.2087	2.3262	4.3636	3.2332	-2.8513	-0.8799	1.7239	1.6137	-0.6022	-1.3732	-0.7109	-3.1288	4.8595	-7.5583	5.0787	1.0356	-2.6168	0.5258	2.7532	-0.2367	3.2627	1.6132	6.8624	8.0849	4.0313	-0.0623	4.6546	-0.6639	-9.8310	-0.0867	5.5633	1.2161	-3.4625	0.1665
1.1537	-1.3351	-1.1628	0.5668	-1.6996	-2.0965	-0.8396	-0.7007	0.3799	-1.2027	1.4955	5.1673	2.3637	1.3636	2.7669	0.0549	1.0435	-1.9664	-2.7653	-0.4446	-2.9195	-2.4895	1.8013	-3.8766	-2.2216	-0.0816	-3.7634	-0.3103	-0.9013	-6.3640	-2.3904	0.5583	-3.1567	-1.3752	0.2095	3.7979	4.4759	2.3373	-0.3512	4.6628	-5.0410	0.9804	2.1068	0.9243	0.5323	0.6003	2.6188	2.0962	6.0877	3.8003	1.7954	-7.3885	-3.0308	1.0728	1.1438	0.7267	-0.8165	5.5547	-6.2851	-8.3557	0.3194	6.7586	3.3855	14.6682	6.6646	9.2833	-2.2408	-6.8010	0.4694	2.2803
1.1211	1.2248	0.1796	0.8034	0.6434	-2.2777	-2.3379	0.6049	1.1264	-2.5328	-0.6433	3.1520	0.7156	-1.6507	1.7289	3.0611	2.3481	-3.0451	0.2615	-3.9895	-1.0679	-1.6064	-5.0715	-4.1582	0.9680	1.8204	-4.0624	-1.7172	0.5443	-0.9683	1.0376	6.9944	-10.8643	-6.5153	-0.5821	11.9784	2.5798	-1.9954	-8.0592	15.2780	2.3629	-1.0615	-1.9824	-3.9489	2.9423	17.2175	8.1971	4.8935	-2.7704	22.9057	-4.8027	-0.2970	-9.3043	23.0335	-1.5414	32.4984	-2.5709	15.5961	-38.4212	-1.0615	0.5060	-1.0910	4.6370	20.7687	37.9442	10.4112	2.8245	-13.0063	-15.0493	17.1683
0.4061	0.5617	-0.5715	-3.4985	-1.2460	0.7329	0.8589	-2.1342	0.6787	-2.5424	-3.3343	-1.6230	0.0244	0.1406	-0.3724	3.7156	1.9283	-3.2647	2.7562	-0.9809	-1.4101	-0.1657	-7.5745	-1.7961	-0.7715	0.8188	-0.1257	-1.0831	-1.9474	-0.8713	-0.7414	-0.6653	-5.0709	5.5594	0.9260	2.2978	-2.0709	0.6075	0.3441	1.2015	-2.9451	-3.2422	1.1487	2.8782	0.8915	-0.8895	0.0666	-1.7289	2.5072	-2.0847	1.3330	-8.7721	7.7046	-4.4828	1.9181	-6.3054	-2.3354	-0.2817	4.4780	-1.4424	3.6124	3.8148	4.5444	4.0274	-3.3100	-1.4954	4.6507	13.4878	3.3553	-4.7132
-2.9738	1.3841	-0.7659	-0.2462	3.0089	2.5264	0.1852	1.0425	0.7241	-0.0458	0.0931	-0.1191	0.8078	4.0131	-1.4089	-5.2142	-2.2893	2.7950	1.8497	0.9040	-2.0881	0.0683	-2.5258	4.1943	-0.8606	0.5854	0.4665	-1.1596	3.6874	-1.4187	3.4208	-0.7919	8.1594	-2.2693	-0.8129	-5.8088	-4.4654	-1.9724	-0.2140	-6.4236	3.6019	1.1324	0.7856	-0.0490	-0.9129	-0.1807	6.1063	10.0218	-7.3398	-2.0438	-8.0708	19.4153	-3.1518	0.8416	-9.9412	-4.6442	6.6234	-8.8727	-3.5954	10.0402	-4.3431	-2.7365	-7.7392	-19.0188	1.3141	-4.5001	6.4177	-1.5623	5.8936	7.8394
