X1	X2	X3	X4	X5	X6	X7	X8	X9	X10	X11	X12	X13	X14	X15	X16	X17	X18	X19	X20	X21	X22	X23	X24	X25	X26	X27	X28	X29	X30	X31	X32	X33	X34	X35	X36	X37	X38	X39	X40	X41	X42	X43	X44	X45	X46	X47	X48	X49	X50	X51	X52	X53	X54	X55	X56	X57	X58	X59	X60	X61	X62	X63	X64	X65	X66	X67	X68	X69	X70
-1.0647	0.7386	0.7346	1.0075	-2.8179	0.6405	0.1840	-2.2754	-2.2259	0.6510	-0.4027	-0.6027	1.0809	-1.2255	2.9845	-0.3167	-0.7160	4.2615	1.6827	0.9093	-1.1833	1.7396	1.2972	3.9585	-0.7546	1.4345	-0.8746	0.1739	-1.7790	-3.0213	-0.0671	-0.6891	0.3991	0.6951	1.3887	-0.3537	-7.6329	1.0834	-0.7106	-3.4044	-2.1766	-2.0694	3.0832	0.9245	3.4348	-4.0988	-0.1698	2.4304	1.0487	-9.6245	11.8564	-2.6637	-3.0557	3.1497	1.0119	1.8521	-7.0353	-4.2348	-2.9373	-11.6169	0.1031	-3.9580	11.3773	5.3076	-6.4458	-1.3059	10.2914	0.6394	0.3180	-0.7666
-4.7982	1.2821	0.4865	-0.2514	2.4459	-0.1426	0.2032	2.3600	5.7906	-0.3476	-0.3561	1.8794	0.9180	0.8968	1.8286	-1.4562	3.2173	-3.6359	0.8221	0.8136	0.1950	-1.4738	-0.5222	5.6594	-1.7263	0.2911	-1.4120	-2.1929	2.7969	-3.9105	-2.3480	-2.0695	1.3645	2.6034	2.6120	-2.6142	4.6262	-2.0574	-0.1233	6.4432	3.3575	-1.8060	-1.6365	2.7722	-2.8998	1.4160	0.3135	3.1365	2.0830	7.5703	-7.4773	-1.6967	0.7205	3.1491	-0.8421	3.7468	7.2982	5.9144	-7.1347	-7.4620	-0.9051	-2.5065	-8.5644	5.7498	10.1626	-0.5439	23.7847	1.2793	1.3019	-3.2684
-1.8710	1.6072	0.3303	-0.3722	-0.2751	-0.1775	-1.4147	1.4483	4.4311	-1.4230	-0.0706	-0.4443	3.1892	1.9479	0.8192	0.6395	-2.1354	1.4830	-1.8436	-0.4328	-0.7914	-2.1717	0.4537	0.3959	2.1169	0.6151	-1.0880	-1.3775	-5.9544	-1.9725	-1.8011	-0.2563	-0.3060	-0.5435	0.1041	-2.1477	-2.6776	0.9297	2.3631	-3.8460	1.4077	-1.3705	-0.7371	4.1647	1.6709	1.2499	0.4374	-4.0165	-5.5426	-3.1405	3.6379	-1.2375	-1.9312	4.2386	-1.1751	-2.8488	6.2594	5.1532	-1.7049	3.4347	-0.8133	1.8667	5.7623	9.1992	-0.3785	0.2860	-2.5658	2.0446	-1.0725	2.6511
0.7720	-0.3798	-3.0801	-0.4275	-2.5252	2.1328	-2.7649	0.9854	1.7477	1.0698	-1.3551	-0.3855	1.4069	0.6524	-0.7818	-0.9831	-4.2019	2.7470	1.9508	-0.4241	-1.5378	3.1527	0.7391	-1.1336	-4.5676	0.0539	0.1722	-0.9012	6.0100	2.1308	0.8258	-1.8983	0.0125	0.6651	0.7948	-0.5617	-5.0650	0.7612	-1.5788	-2.9173	-1.8036	1.7274	1.5500	-4.6101	-0.0100	1.9170	1.9243	4.0389	1.5036	-7.6219	6.5078	-0.5953	-9.3400	-5.4105	-0.2648	5.1691	-6.3192	-7.1004	-0.1238	4.4820	-1.7980	0.0811	0.0743	2.7673	-7.6635	2.0131	-21.3799	-1.1166	-0.3703	4.6154
-1.6342	1.8362	1.8044	1.6668	-2.1245	-1.4550	3.1071	2.7840	2.5326	1.1694	1.9124	0.7545	-2.6179	0.4641	2.7954	2.8387	2.0145	1.1587	0.0019	-1.3542	-3.3160	-1.8255	3.4079	3.5820	-1.7763	-0.6498	-7.1130	0.2640	-0.7533	-5.9827	-3.2600	-3.1909	-0.7631	0.6615	5.5580	-2.6541	-4.8789	-0.5098	2.1445	6.8590	0.8732	-1.7251	-0.7373	3.3028	-4.1424	2.8024	-1.4319	0.6322	-6.8447	-6.0438	8.9496	-3.1504	-6.4584	3.7032	-0.2438	2.0256	-4.3955	-1.0550	-1.0414	-1.4197	-2.5337	-6.6713	7.4844	-3.5503	-1.8152	-1.6109	8.4616	1.7157	2.8694	-0.9997
-1.2642	-0.7058	-0.1425	0.6445	-0.7604	-1.0894	2.0833	-1.1647	0.8995	-1.9681	-1.3376	0.3164	3.8840	-0.5963	-0.4099	-2.7705	-0.8152	0.4734	1.6897	-2.3286	0.8365	0.4645	-3.7744	1.5575	-0.2382	-0.1317	2.4621	-2.1967	1.9516	3.1915	0.3876	-2.1905	-0.0351	0.7184	-3.2751	-1.1620	2.7211	0.9705	0.7241	-3.9249	-0.3428	1.0453	-1.4306	3.5021	2.6784	-0.9857	0.1030	3.1146	5.3561	3.1856	-2.0110	2.0079	4.5485	2.4082	-2.6346	3.4870	7.1758	-0.9324	-1.1207	-1.4762	1.9685	6.0974	-2.5770	8.7493	1.9241	1.2470	-1.1917	-2.1954	-2.0093	1.2147
0.7137	-1.8257	-0.3151	1.0137	-1.8804	1.2441	1.6234	0.0661	1.1547	1.5888	0.0841	1.5517	0.7214	1.6651	-1.9341	-0.0561	-0.7727	-0.5797	3.9357	-2.5549	-2.5974	5.8737	1.2282	0.3514	-6.5949	-0.0635	-3.0844	-0.1428	6.5578	0.6996	4.5665	0.1649	-1.5838	4.3595	-0.3673	-1.4404	0.9024	2.4485	-1.9701	-4.8013	-2.0793	0.4605	-0.3629	-2.5845	1.1548	-1.2472	-2.1747	6.1808	4.5707	2.5029	1.8663	-4.5849	-1.2413	-3.7048	3.7802	10.1972	-0.3192	-11.3927	3.3880	5.0575	-1.7943	-4.8862	-2.1786	10.5282	2.6957	0.9578	-4.8499	-7.6560	-1.9600	-2.2699
0.1407	-1.1092	1.5664	-1.1186	-0.4865	-0.6578	-1.2048	2.3738	1.9892	-0.4835	-1.2760	-4.1679	-1.7236	3.1382	-1.9489	-1.4831	0.0471	-1.9132	-1.6294	-0.8602	2.3469	-3.1111	-0.1545	0.9384	2.0845	1.2997	1.7587	-4.6604	0.1830	1.9964	5.4863	-0.2650	-0.6331	-2.5290	-1.9740	-2.9534	2.6909	-2.2719	-6.4284	-0.5868	2.3865	-0.4576	0.4662	-9.0865	-1.7621	3.2547	0.9192	-4.7573	5.8130	-0.3379	-6.0006	2.5504	-0.0760	-8.9301	0.2226	-3.1457	-6.1588	3.8173	1.5412	3.9601	1.3104	7.1657	-3.4236	-7.2057	3.7973	0.9748	-9.2439	-8.3740	1.1810	-13.7160
3.4943	0.6215	0.1463	-1.6176	-2.3170	-1.9679	-0.4741	1.9626	3.2914	-1.7254	-0.0789	-3.0838	0.8566	1.4478	0.3094	0.2520	-0.4896	8.0485	-0.9190	0.1938	1.8020	-1.2477	0.0717	-3.1382	2.6201	-0.4289	3.9861	0.3425	-0.2563	3.4351	0.5686	0.4979	1.7973	-0.7547	-2.7402	-0.2241	-12.2868	1.9909	3.5703	-1.8361	0.0663	2.1544	-0.1209	1.3808	4.8732	-2.4051	-0.8076	-3.9767	-4.0498	-17.7933	15.1410	0.7376	-10.4929	0.8267	-0.3327	-7.0419	-8.3787	-1.2575	3.3838	3.1846	0.0786	6.1810	11.9614	5.6944	-19.0363	1.3077	-26.8048	3.2039	0.6886	6.8834
1.1756	-2.0838	-1.5146	0.8900	-0.7361	1.7756	-1.4906	-2.1509	-4.2484	1.2065	-3.6423	-3.5871	5.4341	0.1767	-0.7179	-6.9984	-0.7677	-0.5684	-2.1024	-0.1979	1.8219	-0.2674	-11.9200	-0.7563	-1.3104	-1.0362	4.2625	-1.2212	-4.7989	15.9482	0.3853	-1.9395	0.7799	0.2832	-11.0242	-0.0479	13.9966	3.4853	-1.1526	-9.6493	0.9394	1.2161	-2.8646	-3.4901	6.9342	-6.9773	-0.0377	-4.4600	13.4815	19.9798	-23.4015	3.3006	21.0296	-2.6922	1.5536	-3.7548	24.3415	0.6927	0.8318	-5.7743	2.8037	3.5262	-12.8531	13.5707	3.3194	3.7823	6.7636	0.5617	-1.0088	-0.2715
-0.4999	1.4545	1.8710	0.8824	-0.2413	0.4245	4.4065	2.1539	3.4337	0.5995	2.0170	0.7855	-1.1079	2.3257	2.3928	2.8138	0.0688	-4.9029	0.0997	-3.1285	-4.6929	0.5403	6.1137	-0.7301	-1.9884	2.3039	-5.6023	0.3307	0.2873	-7.5760	-1.2426	2.8352	-1.1507	3.7451	3.9103	1.9450	-2.6236	0.1082	2.7134	1.8694	-1.2735	0.4351	3.9624	3.1620	-1.6404	0.6021	-1.4591	0.1661	-3.7993	-3.2612	3.2759	-2.8989	-4.2744	1.8122	-0.4832	1.7160	-2.3149	-6.0592	-0.8540	-2.8740	3.1583	-7.0019	8.1299	3.3029	1.2924	-2.2501	14.5073	0.4593	1.4952	-6.9994
2.8387	0.8283	1.9914	-1.2176	-1.1265	0.9986	-1.1846	0.9535	1.9345	-0.1420	1.8776	1.1639	-2.7608	-1.2251	-0.6397	3.4384	6.1364	4.6980	1.0865	2.7324	-4.5228	1.3286	2.4244	-0.3135	-1.0357	0.7594	-6.4123	2.5256	0.2973	-3.9393	0.4629	1.6370	0.2067	-0.0122	0.5785	0.8846	-7.9565	0.3132	1.2891	1.1960	-2.9445	4.3427	1.2665	-1.1370	0.6485	1.4389	-1.2563	3.2845	-4.9758	-10.5581	10.9180	-1.1735	-9.0844	-2.3259	-0.6429	3.8781	-11.2229	-5.3848	2.4596	5.2030	-0.8757	0.8658	6.7909	-5.3079	-6.1627	-2.0817	-16.4770	2.3047	-0.8494	-6.7342
-0.6269	0.5731	-1.6285	1.1786	-0.6872	0.0166	1.2977	3.2472	5.8970	1.6348	0.6876	-2.3081	0.3516	0.4884	0.1737	2.3499	-0.4775	-1.6998	-4.7917	-3.9452	-2.6201	-6.5034	3.2789	-1.9690	0.7070	0.1202	-2.2048	-1.1956	-7.7955	-2.2186	-2.1450	-2.0122	1.1500	1.6726	3.9582	2.2387	0.4948	0.1047	2.5907	0.7353	0.7113	1.8303	0.3578	3.8691	0.5724	-3.0479	3.9477	-6.2579	-6.9501	1.2934	-1.7228	-0.2689	4.1830	2.2720	1.9789	-9.1410	3.1598	-0.0485	0.8863	0.0324	1.1393	-2.6437	7.5178	5.8044	1.7634	-1.4680	10.4761	-0.2890	0.7169	-3.0987
0.8405	-0.2528	-1.6573	-0.0607	1.8600	1.0180	0.9910	0.8420	1.8453	-0.3063	-0.6317	-0.8081	1.8826	-1.4003	-1.9554	1.1867	-1.8186	-2.0957	-1.1455	-2.4245	-0.4215	0.5112	1.0698	-2.1020	1.3509	-1.2479	0.1047	0.5455	-5.3484	-4.6263	2.9825	3.0752	0.3815	-1.2994	1.9426	0.1570	3.2458	1.1231	-2.7879	-2.1922	-0.8572	-0.4440	-0.6592	-3.9044	2.0960	1.2486	-0.3259	1.1984	3.7647	3.8952	-6.6826	-1.0579	-0.9570	-1.3685	0.1589	2.2213	0.5546	0.4127	1.5354	4.9928	-0.1784	-1.6366	-2.6203	0.8742	7.6892	-0.0475	5.0154	-6.8632	-2.8687	-5.4712
0.4406	0.5638	-0.6175	2.7731	0.4768	-0.6514	-2.9867	1.0422	2.7582	0.2226	0.1115	4.6071	-2.2016	-3.4363	2.5025	1.4800	0.8956	-5.9664	-1.6056	-0.6030	-3.9241	-2.3319	2.5029	0.4281	1.1755	0.7481	-9.7400	1.7070	-2.4922	-2.4997	-2.5488	-1.7305	-1.0506	-2.2743	2.7317	2.8724	5.0084	0.2113	4.1720	1.9031	-0.0925	-1.5025	-2.5425	5.0552	1.7121	-5.5299	-0.1026	-1.2339	-2.7226	8.2800	-7.1540	-1.5184	9.4827	7.2119	-1.0506	-2.0816	4.5302	-5.0675	-0.5680	-7.5151	0.3446	-6.0481	-2.7148	3.2830	5.7888	-1.0527	25.2386	2.8961	-2.6031	2.4124
0.8527	1.2988	-1.7204	-0.0542	1.0685	-1.9745	-0.5117	1.6319	0.5099	2.0447	0.1060	2.2195	1.9928	1.2442	3.6251	0.5056	0.7151	-1.3030	0.9848	-1.1715	0.4125	-3.9219	0.5391	0.6581	-5.5392	-0.8870	1.4481	0.5872	1.3080	0.0613	-3.8618	2.2575	0.5480	-1.4979	-0.0687	-0.9900	0.7612	-0.6306	5.5354	-3.2276	-2.3292	-0.4728	-0.2488	7.4862	1.5545	-6.5132	0.5246	-1.8501	-2.9006	-0.7816	1.4947	-2.3448	9.0511	7.8196	2.6515	-4.0969	8.3842	7.2515	1.5178	-6.1894	0.9479	-6.1624	2.4657	16.1615	2.1329	-0.0221	25.9780	5.2261	2.1185	1.8867
0.8766	-1.5879	1.9150	-1.8599	2.7033	0.8068	0.8144	1.7681	0.6284	1.5822	0.3788	3.4923	-0.7479	0.2480	-2.5788	1.0517	-3.3060	-1.7789	-1.2991	-1.3193	3.4859	0.2371	1.9229	-2.5480	-1.5535	0.4009	4.1586	0.9292	0.5597	-6.5393	4.3373	-3.7458	-0.8943	-0.5798	6.7851	-0.4467	-0.3922	2.8224	1.9349	-0.6275	-2.6571	-0.8508	-3.1669	2.7805	6.2090	-3.6818	-1.2068	-3.2917	1.6876	-0.8115	-0.5097	-3.9968	1.7783	2.8563	2.4543	-6.6672	-3.5499	6.6972	-2.7102	-10.5778	-0.7651	0.4269	7.3573	6.8185	3.5495	-0.7717	20.6184	-5.3438	-5.6695	-0.1968
-1.4807	0.4247	-0.8508	1.5208	-1.5357	0.5875	-0.6391	-1.9974	-1.8513	1.7794	-1.5935	2.9399	-0.1783	0.2923	-0.2274	-0.6860	1.4213	-0.6565	0.8571	-1.9904	1.4290	2.4064	-1.7493	1.8361	-3.0736	-1.7226	2.1671	-0.0040	1.9676	1.7043	0.8388	0.9323	0.1373	-0.9373	-0.8115	2.4140	0.4333	2.5584	0.3755	3.6634	-1.3090	-3.5028	-3.6427	2.7724	3.9756	-3.0684	1.4548	1.8535	-0.5354	2.2316	1.4777	3.3559	4.1475	3.2496	2.2648	4.8309	-1.8038	-8.3503	-3.1925	-6.9743	-1.4363	-0.7397	-2.4443	-3.1045	-3.3837	-0.7221	5.5847	-3.7490	1.6971	3.1057
-0.6955	-1.2606	-0.5839	-1.2970	0.6731	-0.6998	2.6920	-0.1357	0.3334	-1.2615	-0.6877	1.6451	0.5280	1.7547	0.5489	0.9009	-3.0463	1.7884	1.2890	1.8158	2.5505	0.1169	2.9682	2.2591	2.1360	0.4074	-0.0751	-2.4696	2.8230	-4.1537	1.1724	-0.6236	-1.8627	2.1486	1.7511	-2.8527	-4.7607	0.0518	-2.8315	0.5189	-2.9304	0.4183	2.2725	-3.0514	1.7336	-3.2833	-0.4949	1.4225	0.1682	-6.6219	5.8078	1.9122	-3.3644	-3.6690	-2.1450	-0.2967	-0.1820	4.9812	2.3170	-2.9168	0.3156	2.4254	5.5383	-5.3456	-1.9653	-0.1873	-2.1749	-0.1379	-2.1182	-0.4805
-2.4845	0.3761	2.0231	-0.3612	-2.9372	-1.3843	1.5157	2.4875	4.4949	-0.7316	0.0198	0.2188	-3.1563	0.0529	0.3878	-1.2600	1.8985	5.1091	-2.0919	-0.7437	1.4326	-5.7355	-2.5354	3.9724	2.3973	0.3703	1.8502	-0.6495	2.1165	6.7822	-1.9027	1.8275	-0.0371	-0.8701	-5.1346	-1.1967	-4.7065	-1.0346	0.3298	7.1446	-1.9785	0.5077	1.5419	2.5818	-1.2618	0.1530	0.7290	-4.2041	-0.0775	-4.4632	7.6237	-0.1032	-3.3621	3.3604	-0.1857	-6.5688	-5.9116	5.7308	-3.7136	-4.3637	0.0575	1.2005	8.5797	-3.8020	-13.8876	0.5995	-8.2463	0.9960	-1.3868	4.4633
-0.7242	-0.2868	0.6108	-0.1032	1.8858	-1.4402	-2.2435	0.1621	-0.1944	-1.1915	1.1000	-1.1070	-2.7036	0.1259	-0.5083	-1.0090	2.7637	-1.7625	1.2562	0.3539	0.1075	0.1520	-1.0490	1.9012	3.4068	-0.8110	0.6006	-1.6091	0.2684	-0.7647	2.3461	0.4023	-0.0301	-1.4040	-3.0502	-2.1586	1.7010	-0.7089	-2.8251	3.9487	1.2941	0.5088	-0.1666	-5.2156	-0.8155	1.5772	1.3603	0.3079	-0.6852	2.6953	-3.7444	-3.3781	2.1176	-6.1287	-1.5362	1.0721	-3.6583	4.6870	-1.0860	1.5013	0.2470	-6.2555	-5.2434	-13.6261	1.1088	-1.6890	2.0164	-4.1938	0.7738	-4.9867
-1.1863	2.2622	-0.9328	-1.8108	2.8304	-0.1408	2.7959	4.6795	5.8129	1.8817	0.9813	-1.2809	-1.0544	-1.8429	0.4111	1.0617	-1.2094	-1.3593	1.1756	0.9165	0.4113	0.1953	1.6094	1.5591	-3.1091	-2.1511	1.4154	2.6675	6.6984	-4.7659	-1.1233	1.6111	-0.4812	-1.8351	5.4599	2.6965	-0.3816	2.2216	1.8482	4.1227	-1.1666	-0.3498	-4.8252	3.7244	5.5466	-2.6530	-0.5457	-0.0089	-3.6965	2.8332	-1.7273	1.1626	5.0180	2.6028	1.5743	1.3702	-2.3199	-6.7766	-1.6081	-3.1797	0.3657	0.4549	3.6278	1.1000	1.2810	0.2080	4.1339	2.3065	2.1718	1.8120
-1.7985	-0.8209	-1.3153	-0.2462	0.0890	1.0767	-0.7235	-0.2847	-0.2480	-2.7596	1.2101	0.6737	-1.7063	0.4932	0.1231	2.7272	2.9658	-2.1644	1.5619	-3.9474	-2.0611	2.6709	5.4510	6.7357	1.3877	1.5690	-4.0193	-2.2414	8.1932	-5.6906	0.3467	2.5618	-0.3099	-2.1783	7.1513	-0.7467	-0.7869	1.9429	-5.0307	3.6303	2.1505	-0.4262	0.9843	-2.1464	2.1547	-3.4803	0.0962	1.8029	-4.2608	-3.4716	1.4442	-2.9160	1.9681	-0.3306	-4.2612	1.5890	4.9618	-7.3835	1.7255	-1.2536	-1.0851	-3.3367	-0.3479	-8.4231	3.2033	-2.3919	8.5961	-4.0078	-0.7202	-7.1765
1.6086	-0.6981	0.0754	-0.2980	-2.2199	-1.4476	-1.4388	1.2115	0.3101	-1.5299	0.6252	-1.5698	2.1429	-0.7527	-2.5190	-0.6545	2.2882	1.9702	-1.4897	-2.9647	2.3336	-4.5194	-0.8591	-0.3018	1.1514	-0.1524	0.7614	0.7087	-4.6514	3.0030	0.9806	-1.3829	-1.0999	-1.6142	-3.7755	0.6942	-1.4441	-0.0900	-0.0064	-5.8838	0.0357	1.3698	2.7116	0.7796	-0.6805	3.4891	-1.8298	-0.1125	-0.9145	0.6242	1.8284	-6.7438	-4.9380	1.6171	-0.7371	-3.7522	1.2693	3.9610	2.1992	10.1871	1.6800	-2.4195	1.7606	9.1442	-5.7864	-2.7763	-4.5045	-2.6858	-1.7231	-0.5112
1.0012	-1.0060	-0.8503	0.3508	-1.5641	1.6934	1.7087	-0.0102	-0.6403	2.1409	0.5005	1.2138	-1.5140	-0.2775	0.4135	0.8575	2.2704	1.7008	0.1122	1.7562	-0.7306	2.0861	1.6414	-1.7137	-1.0555	2.6570	-4.2943	-0.7237	-0.1161	-0.1541	-1.4768	-0.5587	-0.6643	1.6245	0.9850	-3.0097	-4.4778	1.0465	1.4581	-3.3498	1.3879	-2.2430	5.8429	1.7889	2.3522	-4.4942	-0.6741	0.8224	-0.1061	-4.5906	9.0871	2.5473	0.3060	-0.1494	1.6234	-1.2952	-6.7189	0.4960	0.3453	-1.9154	1.5423	2.3153	9.9531	5.0150	-6.6043	0.0459	-9.4427	4.1201	-0.0493	-0.3988
0.4847	-0.4972	-2.4423	0.3502	-0.1508	1.3745	0.9790	-2.4039	-4.1027	-0.3749	-0.4557	-3.7703	-2.7161	0.6381	3.2017	0.4988	0.7106	1.1017	4.1565	2.8822	0.5479	5.1090	1.3079	-0.6469	-0.6897	-1.9292	-1.0570	0.2114	3.1477	-0.9512	-4.6785	1.6459	0.0482	-2.8850	-0.5342	-2.0978	-6.2061	-1.9028	5.6050	4.3350	-2.2482	0.3629	-3.2601	7.1175	-1.6246	-3.5889	0.2580	5.7175	-2.9713	-9.5109	7.1203	-1.3325	-2.9002	9.2657	0.6248	9.3304	-1.9282	-10.3268	-4.0286	-8.5124	-2.2682	-3.2209	-0.4581	-0.7895	-6.6165	-0.3826	3.8510	9.7433	-1.9646	11.0894
-0.7366	0.3076	1.7859	-0.1886	-0.2068	-2.4500	0.6482	1.3037	0.9082	-2.9618	1.1304	-1.6053	-1.2935	1.9874	0.9042	-0.7971	3.2393	0.4929	1.1660	-2.7086	0.7717	-0.8168	-0.9258	0.4172	3.6167	0.6614	2.3619	1.7266	0.9253	5.7111	-2.9171	-1.9135	0.1430	-1.3532	-5.2431	3.1404	0.3833	-0.0142	-0.7432	0.8172	0.9004	-1.2178	1.4492	-0.2491	-0.4123	-2.2494	-1.0307	1.0087	-2.2827	-0.9402	-1.7984	1.2773	3.7718	0.2517	-0.6907	0.6010	7.4357	-3.5995	-2.9751	-9.7752	-0.2446	2.7400	-4.0513	-1.9108	-3.6251	-1.1887	5.0823	1.3931	1.2456	5.0238
3.0693	0.6701	0.5660	-0.4903	-1.1788	-0.0825	-1.7806	-2.9812	-6.6266	0.8479	4.7546	1.4926	-4.8876	0.8821	-1.6646	7.1063	1.8735	0.8386	2.3128	1.9338	-3.9688	2.9134	6.8598	-5.3452	-2.9658	0.4984	-2.5123	1.6249	5.8692	-7.8195	1.4278	0.4247	-0.0832	0.0036	7.2183	1.8064	-7.6940	0.1532	0.7501	4.0497	0.1719	1.1423	1.4352	-4.2598	-0.4653	4.0154	-1.0572	3.7752	-6.4215	-9.9261	13.0309	-0.1287	-12.8096	-5.3378	2.2059	2.8671	-14.4251	-10.5858	5.4000	10.9849	1.1813	3.1244	5.6499	-20.0805	-1.6967	-4.9033	-23.5690	2.7215	0.3086	-3.9398
1.3547	0.1345	3.6864	0.1216	-1.0864	-0.6091	2.1160	-0.5531	-1.1507	-0.1266	-3.4449	1.1598	3.9563	0.1887	2.0140	-4.7040	-2.5110	2.7803	0.0706	-0.3157	3.5751	-3.7942	-6.6161	-3.1966	-0.2918	0.7763	3.8558	-3.3275	5.3246	9.2536	-0.9052	-1.4393	2.1732	0.3432	-8.1644	-0.4379	1.5181	0.2082	-0.1843	-10.1506	0.7711	0.3510	0.4631	-2.5687	-1.4694	-2.0188	-1.6507	0.6924	4.3498	3.1326	-0.2577	2.6893	3.9042	-5.5113	-1.0127	-0.2249	4.0994	2.3254	1.2785	-7.7452	-1.0882	-2.0003	1.8668	9.6613	-5.6145	4.1150	3.7075	2.5385	-1.1982	-3.6981
-1.1141	0.5040	1.8153	0.7324	0.2052	0.0449	0.9674	-0.1940	-0.5353	-2.0072	-1.0305	0.7274	-1.3452	-0.9056	1.0961	-2.1412	-2.4618	-0.6644	2.1831	4.2961	0.8321	3.1520	-0.4303	1.1066	-0.2829	-1.1560	-1.1091	-1.7147	2.0896	2.8551	-3.8471	-1.0138	0.5888	3.3809	-0.5712	-3.3552	0.9084	-2.5903	0.4800	5.4781	-1.6457	-2.0153	-2.9536	1.6693	-4.5696	3.2875	3.4686	2.9096	2.1299	-1.0729	-0.8274	1.3697	-2.4889	1.4885	-2.4654	1.2461	7.2651	-1.0218	-1.8564	-1.7889	-1.6166	-2.9035	-6.8644	1.1145	-2.5438	1.3799	1.4727	8.2563	1.1940	10.6532
-2.0732	-0.5924	-0.0121	1.5639	-2.4293	-1.2893	-0.3359	-2.4141	-4.3699	1.8586	1.9858	-4.2884	-3.3298	1.4909	0.2645	3.3113	0.1380	-1.3303	0.7474	1.8570	-2.5673	-1.9540	5.0780	3.5351	-3.9800	2.4824	-0.5480	-5.4027	1.3584	-3.3467	0.7009	1.1288	-1.4720	2.4124	2.6450	-5.3383	-2.6048	1.6861	-4.1229	5.5893	0.8971	-1.5988	4.0208	-1.0770	5.8465	-5.5209	-0.9402	-0.2862	-3.3847	-4.9833	2.5946	1.7715	4.6614	0.5901	1.0477	-0.6382	-5.1746	3.2298	-0.6926	-8.8175	2.5416	2.6413	2.6763	-9.1403	1.9043	-3.4421	12.0579	0.4286	-1.2687	3.7773
0.2777	0.5516	-0.1455	1.0824	-1.9161	1.5786	-0.6213	-3.2588	-2.2832	1.6302	0.2014	-2.3657	0.7727	-1.2127	1.1120	-0.6329	-1.5984	-0.0354	-0.6789	-1.6790	-2.0595	2.8391	-1.1034	0.1034	-0.8046	0.7748	-2.7944	2.0688	-1.1338	1.7077	1.1483	1.4679	2.1967	0.9911	-2.8134	4.1682	1.0798	-1.2788	1.7655	-1.2848	-0.8930	-0.0310	0.8904	2.7871	-1.3941	-1.2204	-0.7652	0.9371	2.5013	2.2216	-1.2722	-1.4023	2.5371	2.8191	3.0656	3.2590	-3.2633	-12.0953	2.5361	2.7990	1.2175	-3.8188	-3.9805	0.6395	2.5371	0.0463	3.3543	-3.5364	-2.0332	5.6230
2.2280	-0.1078	-2.5463	3.0072	-0.2495	-0.7048	1.1445	0.3829	0.9391	-0.6913	-0.9227	1.3904	-0.4422	0.0578	0.9315	-3.6096	-0.4127	-3.6479	-0.1387	2.2170	-2.2808	-1.6216	-5.2718	-1.3548	2.5985	0.2701	-3.2860	2.2897	-3.9355	5.5722	-2.3933	1.6625	0.5767	1.3246	-2.3286	-2.1486	10.7591	-2.8808	-0.9528	-2.3348	3.6908	-0.3857	-1.3103	-2.3090	-2.5458	1.1187	1.3018	-1.9372	1.5534	14.0674	-13.7310	-3.1532	11.6753	-4.7608	-0.6524	-5.3139	10.4018	4.2093	2.6063	8.9165	1.2624	-10.6063	-11.4303	1.9764	12.0718	2.2619	15.5681	5.8355	3.0024	-5.6871
1.4950	1.0920	0.0198	-3.1228	1.4274	-2.7784	2.7444	0.1222	2.5134	0.5445	1.6769	0.3436	-1.4407	1.2271	-0.3288	3.4687	4.1196	0.2061	-0.2334	-0.9581	1.5151	-5.0813	6.5497	-3.3531	-0.8189	0.2846	1.6572	-1.5001	-1.2491	-12.6689	0.7403	2.0064	0.2841	2.2379	10.8150	-0.9888	-6.8869	2.1314	-3.1833	-1.3346	-1.7527	-2.6321	0.8671	-6.2333	2.7890	-1.1798	0.3771	0.0630	-3.4173	-10.5486	7.4776	-0.8148	-4.3983	-6.7317	-0.1642	0.1580	-6.4571	8.5391	3.3250	1.5904	-1.2812	5.6263	9.5239	-6.6909	-0.6245	-2.9130	-8.8899	-2.4469	0.4082	-15.7515
-0.8955	0.5947	1.4365	-0.2732	0.6549	1.7179	2.1907	-1.9482	-2.2413	1.0577	-0.9213	-1.4316	-1.9079	-1.2452	0.5342	-0.9085	-0.6551	-1.6876	-3.4283	-1.8299	1.3024	-0.9279	-0.5426	1.6286	2.4634	0.0481	2.5708	-0.3694	-6.4554	2.6632	-1.1581	-1.3731	0.0647	2.3940	0.7349	-3.5769	5.4731	-0.3332	-0.5551	2.8113	-1.0144	-1.9483	1.6905	-3.1561	-2.0441	3.3676	0.0496	-7.0982	0.3259	8.0643	-1.9060	-5.4944	0.2537	-2.5729	0.2900	-8.4843	1.5249	11.2427	-1.0911	2.8588	1.4524	-8.0933	0.6308	-9.8227	4.7028	0.8116	11.7546	1.0445	-0.6196	-6.5078
-0.0107	-0.2010	1.4937	2.0953	2.0800	-0.4034	-0.5925	1.0326	2.9131	-0.6444	-0.8099	-1.8329	2.9671	-2.0599	2.8571	-0.4917	1.4159	-8.1889	0.4141	2.1728	-1.3886	-1.7635	-1.0548	-2.0906	1.8970	-0.7410	-3.0640	1.0158	-0.9133	0.0649	-3.4834	2.0135	-0.2055	0.6574	-2.3527	-0.5673	11.8433	2.5485	4.4014	-5.5559	0.9380	0.4569	1.3190	3.5845	3.9789	-7.0861	-1.4327	2.2321	-2.8810	16.4645	-14.6471	2.9920	18.0786	2.3218	-0.4848	3.4137	19.0297	2.6925	0.8728	-11.4453	-0.7647	-3.7633	-13.2021	11.7698	15.0516	1.4998	36.7903	6.4082	-0.5413	-1.6255
-0.8278	1.9658	-0.2240	-0.6176	0.3182	0.6325	2.8152	-0.3756	-1.0909	0.0283	2.8948	-2.8546	-2.6733	-1.9206	4.3173	4.0890	-0.2664	1.0721	-2.5709	-0.4147	-3.8384	-2.0483	6.2991	0.3634	0.3479	-0.3407	-3.7296	0.0466	-3.2123	-12.0712	-6.2088	1.0648	-1.0165	0.7356	6.9175	-1.8729	-7.4034	-0.2954	2.1355	1.9278	0.7193	2.8453	-0.9514	6.3642	1.0787	-6.5558	-0.4728	-4.6401	-8.7607	-8.7571	13.6627	-0.0703	0.5850	8.2020	-0.8801	-6.8453	-3.5261	1.2891	0.0174	-11.9331	0.5767	-0.4670	17.5012	0.2434	1.7732	-2.7788	21.5100	8.0456	4.1146	-5.1462
-0.4074	-2.4677	1.2855	-1.1952	-0.1146	-1.7198	1.8076	-1.0950	-1.1392	3.5091	3.5649	0.1774	-3.0846	2.5420	-5.6437	3.8353	3.5480	1.7332	0.0394	-0.9200	-1.4662	-2.4692	3.8644	-0.8320	-5.2470	0.1604	-0.2253	-2.5412	1.6523	-7.9769	8.9979	-2.3077	0.6061	2.6183	5.3599	2.1065	-6.2684	3.3790	-8.2114	6.1365	0.8065	1.7026	-0.5058	-7.4977	5.4598	2.2380	-0.5438	0.9047	-0.4017	-10.9327	5.7081	-4.8652	-5.9809	-6.7995	3.7613	1.6670	-19.5528	-2.2854	-2.8804	-1.5356	-1.5134	-1.6689	9.7227	-14.3128	-0.2465	-1.6471	3.0579	-11.6619	-3.8960	-10.4584
-0.3904	-1.5240	-1.6198	-0.2899	0.5122	-1.3052	-1.1844	-0.1376	-0.4250	0.3264	0.5242	0.2119	0.5321	0.0926	-4.1032	0.9407	2.0027	2.0866	0.6826	-0.9363	0.2640	1.6837	2.5331	-1.8048	-1.1772	-1.5386	-0.3247	0.2865	1.7254	-2.1872	8.2129	-1.8886	-1.8928	2.7266	2.5534	-0.2651	-5.5305	-0.5887	-2.2997	0.4677	1.1045	-1.4677	0.8951	-2.3515	-2.4262	7.7452	-0.6587	1.1845	3.3365	-8.2922	8.1104	-0.1324	-14.1330	-3.0756	-0.3549	1.6853	-14.9035	-0.4504	-0.7771	9.5839	-1.5549	0.5761	-0.3464	-1.9143	-4.1565	1.3460	-21.5347	-11.8384	-1.1854	-3.7426
-2.6172	-1.0528	-0.0224	0.2454	-1.4351	0.4607	-2.1195	1.6226	3.5757	1.8349	-2.1465	0.2560	2.7140	-1.1298	-1.2361	-4.1529	-0.4351	2.9804	0.2334	-3.4349	2.1411	1.0290	-6.4622	2.9603	-1.9718	0.6795	1.4362	2.9188	0.6233	11.9113	-1.1384	3.3625	0.3441	-3.1908	-6.8932	7.8392	3.5955	-1.1836	3.4757	-3.8325	-1.1502	-1.4279	0.6814	4.4038	-3.1177	4.1327	-1.1677	-0.0539	2.5015	3.6284	-3.6233	-1.3184	-1.3177	5.3718	0.8376	1.0740	6.0025	-10.9984	1.7626	12.7685	-1.0541	1.5080	-4.2456	13.6696	-4.6219	3.4452	-16.9155	-0.5703	-1.0400	8.6649
3.5403	0.1253	-0.1255	-0.3910	-0.5450	-1.0543	-0.5765	1.6194	0.4663	0.4150	2.4306	0.7031	-4.7001	1.0914	-1.7111	4.1341	4.6617	-0.5533	-0.9692	3.8236	-4.7817	-1.0930	0.0369	-3.3066	2.1439	-0.2144	-1.9837	1.3757	2.1187	1.8987	1.5955	-4.2880	0.5883	-0.5645	-4.1170	1.8796	3.3356	-0.6194	-0.8316	0.4244	-1.5734	-1.9128	2.0390	0.4472	-0.3371	1.5624	-2.4457	-0.2989	-3.5724	3.4538	-7.1160	-0.4675	3.5347	0.2228	-1.7948	0.9833	-1.3072	-1.9580	5.0553	8.2607	-2.3738	3.4716	-8.6095	-2.5706	1.6497	-2.3631	-9.6962	2.3382	1.2933	6.0633
-1.0712	-0.2058	0.6469	2.0541	0.1549	-0.7397	1.3061	-0.2151	0.9733	0.1600	-1.6852	1.5872	5.6423	-1.2887	4.3296	1.3534	-2.6294	-3.1747	1.2271	4.2736	-2.3688	3.1401	-1.1359	0.1460	-1.8225	-0.6133	-1.7892	2.3983	-3.0351	3.9551	-7.4793	-2.9388	1.5422	-0.3564	1.2655	-0.3888	5.6474	4.7591	7.4624	-5.0863	0.6529	0.4018	-2.2458	6.2095	6.8389	-12.8000	-0.6090	0.7230	-6.7159	7.0546	-4.5310	5.9687	17.1625	5.6001	-0.0742	4.6415	25.3345	-3.9841	-1.3941	-22.8846	-3.4627	-0.8511	3.3263	11.8440	4.1264	2.1645	31.6950	13.5837	2.4420	0.5810
-0.4609	0.0076	-0.6403	-1.0185	0.6758	-0.2639	-3.3785	-2.0093	-2.7588	0.5328	-1.7844	2.3531	4.9825	-0.4736	-0.3912	-2.2814	-2.8238	1.8696	-2.3537	-0.5574	4.5987	-3.9207	-2.2407	1.0956	-1.2668	1.4469	3.6831	-0.9448	-2.7540	2.0513	-1.3413	4.0019	-1.5850	-4.1598	-1.0025	-2.8703	0.9861	4.8817	-0.4640	-3.4897	-0.6546	-0.2153	3.1744	0.7165	7.1479	-5.0268	0.9563	-2.0317	1.4870	0.0673	-4.2583	3.4597	7.9669	-0.0637	0.6941	-4.3428	9.2439	16.3817	-1.4759	-8.2151	1.6983	4.5876	3.6578	0.7447	-1.1719	1.9254	4.7268	0.7989	1.7495	-1.8787
-1.1991	-0.2161	-2.2724	0.2138	0.0852	0.2387	0.3496	-0.8225	-2.1632	-0.6824	0.7389	1.3774	0.0305	0.6200	2.5251	-1.0416	2.7466	-1.0377	-1.3832	1.3841	-1.1913	-1.5172	-2.4090	-0.8520	1.1793	-0.0916	-1.8040	-0.0087	-2.2118	4.6900	-2.3606	1.4733	0.2483	-1.6603	-4.6587	0.2865	3.9834	2.3147	3.4254	0.6200	1.5167	-4.4123	1.5043	5.6411	4.2059	-7.4674	-1.1014	-1.8713	1.7702	5.3318	-6.3738	-1.5358	11.9988	6.2425	1.4121	-2.0668	8.7940	3.2805	-3.9332	-12.9616	-1.1412	-0.1059	-2.9412	3.0671	0.6578	-0.5767	17.7791	2.9454	-1.2638	1.2356
1.8381	0.7275	0.2593	0.5719	-3.4134	-1.4013	-0.9096	-2.2418	-3.8674	-1.0067	1.6245	-1.4902	-0.4790	0.1995	-0.7729	2.7970	3.4896	4.0681	-3.2992	-0.7705	-3.0376	-5.4940	5.7846	-1.8015	3.1652	0.0867	-6.9959	0.6087	-4.4910	-0.5496	1.9040	-1.9803	1.3555	0.1498	1.8759	2.5960	-9.9578	1.2445	-0.3873	-1.4661	1.7209	0.0010	3.4605	-3.6918	-0.2277	-0.0096	0.3915	-5.2039	-1.9256	-12.9024	14.8115	-0.8454	-9.3067	-6.2410	-0.4725	-4.0719	-10.4628	-2.5683	3.5263	5.3564	2.5012	1.8825	15.4359	-10.2324	-11.2448	-2.0268	-22.8202	-1.4104	-0.7559	-8.5536
-1.7734	-0.3304	-0.4137	0.6969	0.3583	0.4283	-3.1610	-0.5004	0.3477	1.1608	3.6141	1.2731	-2.2898	2.4860	-2.3334	3.6953	3.8287	-1.2530	1.9811	2.6299	-3.8563	0.9275	5.2691	5.0918	-3.2891	-0.8972	-4.4775	-3.2020	2.5003	-4.6666	3.6932	-1.0737	-0.2120	-0.6122	1.2972	-4.3847	-3.1443	1.7671	-4.5373	5.9606	0.0274	1.1053	-5.1243	-5.8208	2.9440	-0.0046	-1.1037	5.2248	-6.6267	-6.9571	2.2502	0.7599	-4.0825	-5.2575	1.3919	9.8581	-7.0396	-3.1469	0.2155	-2.4130	0.1025	0.9633	-4.4775	-16.0647	0.4975	-4.3199	-2.8914	-4.6024	-1.5592	-5.7778
0.0519	-1.8614	1.3507	-2.4540	-2.3793	0.0431	0.9303	0.1340	-1.6269	1.6589	1.4815	-3.8717	0.7569	1.1759	-3.7269	1.4213	-0.8990	7.9522	0.8916	1.3100	1.3647	1.2463	2.6815	2.0401	-4.0557	-1.0477	2.3475	-2.5010	0.7178	-2.8205	4.1208	0.7865	-0.6891	-1.2570	4.6290	-5.6512	-11.1764	1.3984	-8.8117	-1.5280	-2.0247	-2.0641	0.5579	-12.9408	1.4170	2.5753	-0.9079	-0.0182	1.4486	-16.4457	11.4937	-1.2123	-14.0769	-14.5674	1.0370	-0.0088	-18.2183	3.3735	0.5491	4.0486	0.5789	7.1004	9.6025	-12.7812	-10.7379	-0.2829	-30.7888	-6.2973	-3.5784	-7.3102
0.0537	0.6838	-1.8423	0.9814	-0.0530	0.3473	-0.7788	1.7029	-0.1040	2.5115	-0.6363	2.9200	1.9387	1.6340	2.7855	-0.8482	0.4477	0.4402	-2.7495	-0.5983	-0.0946	-3.8667	-0.3884	-1.4517	-2.5687	1.6887	-3.1880	1.2852	-1.5048	1.6846	-5.4759	-1.4435	-1.3486	3.1032	-3.0831	2.0268	-0.8150	0.7779	3.2504	-5.5305	1.8436	-1.3911	3.0013	4.5253	-1.6145	-2.5555	-0.2746	-2.9134	-3.7526	-2.5034	2.3422	3.0428	2.0899	3.6051	1.8738	-5.0802	7.9608	3.1066	3.3181	4.2464	0.0650	-3.0603	4.1143	17.9541	-5.7901	0.1950	-2.6075	5.9536	-0.1017	3.0023
-0.3895	2.1675	-1.3286	-0.1562	-0.1876	-0.6989	2.7351	-0.7675	-1.9812	1.0694	-2.7734	2.4720	1.1761	-0.1344	0.9890	-1.5009	0.2459	4.9213	-1.2822	-1.6763	6.2295	-1.9067	-3.9026	0.9217	-0.9489	-0.3305	2.8100	-0.2026	-4.6409	5.1940	-2.3557	-0.0541	-1.3767	2.7548	-2.8565	-0.6599	-2.3401	-0.5091	4.9147	0.3795	0.6543	-1.2426	-0.5283	6.5291	1.1026	-2.4674	0.8497	-2.9526	0.4770	-1.8243	4.3061	-3.4989	-0.2199	7.5583	1.9600	-5.0385	-2.1618	7.0986	-0.0676	-4.2403	-0.7198	-4.9823	10.3587	11.8661	-8.5139	2.1131	5.9034	2.8809	3.4724	1.2812
2.8921	2.2764	0.8506	-0.0882	0.7421	-1.6923	2.5592	-0.5585	-1.7544	-0.4333	0.8461	3.9067	-1.2625	0.3164	4.2182	-0.8927	-0.1382	-0.1971	-0.7716	-3.7411	-1.6598	-3.4311	-3.0831	-4.7061	4.4899	-0.8588	-0.9530	-0.5893	-2.5406	4.4190	-7.2082	0.1413	1.2210	1.0930	-1.4218	2.1557	2.6388	1.4705	3.1601	-2.2999	0.0508	-0.5029	-1.6185	2.0970	1.0525	-4.4809	-1.7585	0.0360	-3.9462	1.9521	-4.7975	-6.2847	6.1867	2.0066	-0.5157	-1.0845	12.3230	4.3543	2.4444	-5.5087	-0.7331	-8.2835	-1.0594	2.4165	-2.0637	-1.3335	17.3017	7.8992	4.6972	4.0619
